"",ChangSheng.Open,ChangSheng.High,ChangSheng.Low,ChangSheng.Close,ChangSheng.Volume,ChangSheng.Adjusted
2012-06-05,31.1,33.98,30.5,31.9,16213000,31.9
2012-06-06,32,34.77,31.05,32.95,11618900,32.95
2012-06-07,32.86,33.77,32.4,33.66,7096500,33.66
2012-06-08,33.8,34.83,32.98,33,5359800,33
2012-06-11,32.7,33.74,32.6,32.89,4513500,32.89
2012-06-12,32.5,32.62,31.41,31.54,4263500,31.54
2012-06-13,31.69,32.66,31.2,32.34,3150900,32.34
2012-06-14,32.12,35.48,32.06,34.65,5597700,34.65
2012-06-15,34.44,35.44,33.81,35.37,4619300,35.37
2012-06-18,35.5,36.68,35.05,35.7,4059300,35.7
2012-06-19,35.4,36.25,34.95,35.36,3319700,35.36
2012-06-20,35.58,36.49,35.12,36.36,3067400,36.36
2012-06-21,36.12,36.18,34.4,35.16,3302800,35.16
2012-06-25,35.36,36.35,34.67,34.9,2774500,34.9
2012-06-26,34.5,36,33.5,34.35,3484800,34.35
2012-06-27,34.37,37.79,34.37,37.79,4368200,37.79
2012-06-28,38.9,39.23,35.91,36,7352300,36
2012-06-29,35.03,36.58,34.66,35.95,4321300,35.95
2012-07-02,36.83,39.27,36.8,38.12,5054100,38.12
2012-07-03,37.81,41.11,37.75,39.91,5008200,39.91
2012-07-04,39.5,39.78,38.5,38.73,2696800,38.73
2012-07-05,38.52,40.39,38.51,39.2,2954600,39.2
2012-07-06,39.3,39.97,37.25,39.97,3744000,39.97
2012-07-09,39.3,39.5,38.2,38.9,2477700,38.9
2012-07-10,38.8,38.8,36.7,36.99,2046900,36.99
2012-07-11,36.6,37.7,36.2,37.23,1730700,37.23
2012-07-12,37,38.96,36.72,38.53,2561400,38.53
2012-07-13,38.48,38.9,36.7,36.82,2758900,36.82
2012-07-16,35,35.35,33.14,33.14,4547500,33.14
2012-07-17,31.95,33.6,31.8,33.11,2376200,33.11
2012-07-18,32.89,33.9,32.45,33.52,2233400,33.52
2012-07-19,33.23,34.08,32.75,33.56,2713600,33.56
2012-07-20,33,34.51,32.7,33.31,2508600,33.31
2012-07-23,32.8,33,30.62,30.99,2209300,30.99
2012-07-24,30.68,31.97,30.55,31.38,1708100,31.38
2012-07-25,31.26,33.38,31.12,32.3,2336700,32.3
2012-07-26,31.98,32.76,31.6,31.68,1670700,31.68
2012-07-27,31.85,32.68,30.88,32.59,2464500,32.59
2012-07-30,32.59,32.84,31.8,32.01,1463600,32.01
2012-07-31,32.3,32.49,30.8,32.15,1191900,32.15
2012-08-01,31.85,32.88,31.78,32.17,1335600,32.17
2012-08-02,31.98,32.63,31.52,32.32,1185300,32.32
2012-08-03,32.45,33.5,32.3,33.29,2090800,33.29
2012-08-06,32.87,34.17,32.71,33.99,2109900,33.99
2012-08-07,33.9,35,33.5,33.94,2310100,33.94
2012-08-08,33.78,34.35,33.18,33.93,1602900,33.93
2012-08-09,34.08,35.68,33.76,35.18,3025500,35.18
2012-08-10,35,36.22,34.64,34.92,2272200,34.92
2012-08-13,34.9,34.9,33.75,33.82,1760200,33.82
2012-08-14,33.17,36.17,32.72,35.75,3762700,35.75
2012-08-15,35.81,36.35,34.57,35.58,3663500,35.58
2012-08-16,35,35.29,34.18,34.2,1770200,34.2
2012-08-17,34.13,34.86,33.71,34.29,1355400,34.29
2012-08-20,33.76,34.99,33.52,34.72,1454200,34.72
2012-08-21,34.73,35.5,34.51,34.7,1896100,34.7
2012-08-22,34.84,36.5,34.51,35.67,3361600,35.67
2012-08-23,35.41,35.98,35.1,35.35,1763700,35.35
2012-08-24,34.99,35.31,33.81,33.81,1547100,33.81
2012-08-27,33.16,34.39,33.01,33.31,1000600,33.31
2012-08-28,33.3,33.89,32.76,33.5,901000,33.5
2012-08-29,33.15,34.3,33.15,33.66,1141900,33.66
2012-08-30,33.64,33.88,30.7,31.01,2627600,31.01
2012-08-31,30.9,32.15,30.9,31.63,1139400,31.63
2012-09-03,31.35,32.36,31.04,32.02,1144800,32.02
2012-09-04,32.03,32.77,31.53,31.66,1379700,31.66
2012-09-05,31.67,31.95,31.1,31.63,923400,31.63
2012-09-06,31.72,32.36,31.72,32.1,1011300,32.1
2012-09-07,32.42,34.19,32.35,33.65,2083400,33.65
2012-09-10,33.37,34.4,33.37,34.04,1447800,34.04
2012-09-11,33.88,33.95,33.35,33.55,1296100,33.55
2012-09-12,33.8,34.28,33.39,33.87,927400,33.87
2012-09-13,33.7,34.05,32.78,32.83,1072600,32.83
2012-09-14,32.98,33.14,31.68,32.17,1187900,32.17
2012-09-17,32.02,32.18,31.52,31.61,563200,31.61
2012-09-18,31.5,31.92,31.22,31.59,541800,31.59
2012-09-19,31.58,31.85,31.12,31.64,402900,31.64
2012-09-20,31.64,31.85,28.64,28.7,1930300,28.7
2012-09-21,28.7,28.9,27.4,27.52,1340000,27.52
2012-09-24,27.02,27.47,26.16,27.27,1964700,27.27
2012-09-25,26.95,27.4,26.6,26.85,848500,26.85
2012-09-26,26.61,26.92,25.39,25.69,1191900,25.69
2012-09-27,25.76,26.74,25.18,26.41,1194900,26.41
2012-09-28,26.1,26.99,26.01,26.91,939800,26.91
2012-10-08,25.79,26.36,25.5,26.12,1500100,26.12
2012-10-09,25.93,27.27,25.84,27.19,1854400,27.19
2012-10-10,26.9,28.08,26.9,27.74,1967700,27.74
2012-10-11,28.18,28.18,26.8,26.81,1445000,26.81
2012-10-12,26.82,27.2,25.8,26.2,1255700,26.2
2012-10-15,26.15,26.22,24.56,24.66,1750500,24.66
2012-10-16,24.68,25.06,24.56,24.79,1176800,24.79
2012-10-17,24.78,24.96,24.31,24.84,869100,24.84
2012-10-18,24.95,26.79,24.94,26.62,2570900,26.62
2012-10-19,26.49,26.72,25.83,26.19,1590800,26.19
2012-10-22,26.22,26.84,25.8,26.66,1569400,26.66
2012-10-23,26.39,26.49,25.76,25.98,1316700,25.98
2012-10-24,25.7,25.88,25,25.23,801300,25.23
2012-10-25,25.05,25.45,24.75,25.08,917900,25.08
2012-10-26,25,25.27,24.39,24.55,669700,24.55
2012-10-29,24.55,24.83,24.28,24.74,798200,24.74
2012-10-30,24.74,25.27,24.74,24.98,717900,24.98
2012-10-31,24.95,25.2,24.78,24.93,530800,24.93
2012-11-01,24.92,25.45,24.92,25.32,1137300,25.32
2012-11-02,25.32,25.39,24.82,24.95,871900,24.95
2012-11-05,24.96,25.1,24.6,24.91,506900,24.91
2012-11-06,25,27.37,25,26.8,4228700,26.8
2012-11-07,26.57,26.57,25.85,26.05,2462600,26.05
2012-11-08,25.75,25.78,24.78,24.78,1453300,24.78
2012-11-09,24.5,25.11,24.5,24.85,924400,24.85
2012-11-12,25.01,25.28,24.8,25.26,708400,25.26
2012-11-13,25.26,25.5,24.81,24.83,753600,24.83
2012-11-14,24.98,26.28,24.63,25.81,1843700,25.81
2012-11-15,25.47,26.25,25.26,26.08,1842500,26.08
2012-11-16,25.9,26.97,25.75,26.04,2117900,26.04
2012-11-19,26.2,27.08,25.86,26.87,2100200,26.87
2012-11-20,26.87,26.95,26.4,26.4,1719300,26.4
2012-11-21,26.35,26.65,25.75,26.5,1550100,26.5
2012-11-22,26.26,26.56,25.91,26.11,885900,26.11
2012-11-23,26.14,26.38,25.93,26.13,872600,26.13
2012-11-26,26.2,26.2,23.52,23.52,2585600,23.52
2012-11-27,22.69,22.69,21.21,21.21,2219700,21.21
2012-11-28,20.95,21.5,20.85,21,961100,21
2012-11-29,21.1,21.35,19.82,19.97,1116100,19.97
2012-11-30,20,20.3,19.75,20.1,977100,20.1
2012-12-03,19.99,20.2,18.93,18.93,913000,18.93
2012-12-04,18.96,19.42,18.8,19.33,1139700,19.33
2012-12-05,19.25,20.58,19.25,20.54,1828800,20.54
2012-12-06,20.5,20.6,20.07,20.28,958500,20.28
2012-12-07,20.4,21.19,20.23,20.91,1606300,20.91
2012-12-10,20.9,21.67,20.72,21.53,1699700,21.53
2012-12-11,21.29,21.49,20.85,20.89,1343800,20.89
2012-12-12,20.82,21.11,20.56,21.1,1274700,21.1
2012-12-13,21,21,20.4,20.41,914300,20.41
2012-12-14,20.36,21.4,20.2,21.35,1748100,21.35
2012-12-17,21.33,22.08,21.21,21.81,2000300,21.81
2012-12-18,21.83,21.83,21.32,21.57,1582500,21.57
2012-12-19,21.5,22.39,21.36,22.01,1918500,22.01
2012-12-20,22.3,23.48,21.9,23.1,3377400,23.1
2012-12-21,23.05,25.41,22.94,25.41,5764400,25.41
2012-12-24,25.5,26.97,25,26.47,6043300,26.47
2012-12-25,26.21,27.77,25.83,26.79,4736300,26.79
2012-12-26,26.45,29.47,26.23,29.2,6061000,29.2
2012-12-27,28.9,29.32,27.68,27.71,4329100,27.71
2012-12-28,27.39,29.05,27.2,28.15,3798800,28.15
2012-12-31,27.92,28.26,26.7,27.2,2704300,27.2
2013-01-04,27.25,28.86,27.08,28.23,2952700,28.23
2013-01-07,28.08,28.59,27.33,28.42,2456600,28.42
2013-01-08,28.52,29.27,27.8,28.4,3281800,28.4
2013-01-09,28,29.15,27.75,28.12,2688900,28.12
2013-01-10,28.08,28.5,27.3,27.52,2209800,27.52
2013-01-11,27.49,28.46,27.49,27.68,2570500,27.68
2013-01-14,27.69,30.45,27.67,30.45,6613100,30.45
2013-01-15,30.38,31.49,30.01,30.87,5395700,30.87
2013-01-16,30.48,30.49,29.45,29.89,2866900,29.89
2013-01-17,30,31.1,29.63,29.87,2851800,29.87
2013-01-18,29.9,30.22,29.1,30.07,1817300,30.07
2013-01-21,30.08,30.67,29.45,30.49,2347400,30.49
2013-01-22,30.81,32.2,29.5,29.74,3818200,29.74
2013-01-23,29.12,29.37,28.14,28.81,2607000,28.81
2013-01-24,28.75,29.17,26.91,27.5,2305900,27.5
2013-01-25,27.39,27.96,26.98,27.45,1290700,27.45
2013-01-28,27.2,28.17,27.16,28.11,1174600,28.11
2013-01-29,28.11,28.76,28.01,28.46,1274500,28.46
2013-01-30,28.77,29.78,28.46,28.55,1755000,28.55
2013-01-31,28.25,28.54,27.5,27.83,1405300,27.83
2013-02-01,27.6,28.11,27.5,27.75,997600,27.75
2013-02-04,27.55,27.68,26.28,26.36,2187200,26.36
2013-02-05,26.36,26.98,26.23,26.92,1004800,26.92
2013-02-06,26.95,27.14,26.71,26.96,842400,26.96
2013-02-07,26.91,27.65,26.88,27.54,994100,27.54
2013-02-08,27.7,28.08,27.48,27.95,995400,27.95
2013-02-18,28.08,28.8,27.7,28.65,1432000,28.65
2013-02-19,28.42,29.09,27.81,27.89,1350500,27.89
2013-02-20,27.68,28.38,27.6,28.33,917800,28.33
2013-02-21,28.18,28.18,27.27,27.54,1078200,27.54
2013-02-22,27.41,27.84,27.31,27.37,656200,27.37
2013-02-25,27.38,27.65,26.88,27.23,728800,27.23
2013-02-26,27.08,27.1,26.41,26.59,936700,26.59
2013-02-27,26.58,26.85,26.35,26.53,564200,26.53
2013-02-28,26.78,27.41,26.54,27.34,1005300,27.34
2013-03-01,27.3,27.83,27.22,27.63,970700,27.63
2013-03-04,27.45,27.45,26.05,26.18,1177600,26.18
2013-03-05,26.18,26.7,26,26.7,555200,26.7
2013-03-06,26.89,27.56,26.86,27.47,998100,27.47
2013-03-07,27.49,27.98,26.99,27.38,1172900,27.38
2013-03-08,27.65,28.6,27.23,28.1,2020600,28.1
2013-03-11,28.09,28.5,28.01,28.12,1373000,28.12
2013-03-12,27.9,28.12,26.78,27.8,1470100,27.8
2013-03-13,27.9,29.74,27.8,28.75,3844500,28.75
2013-03-14,28.4,30.45,28,30.38,4855700,30.38
2013-03-15,30.38,31.05,29.38,29.5,4129500,29.5
2013-03-18,29.2,30.39,29.05,30.09,2988100,30.09
2013-03-19,30.2,30.48,28.6,29,2492600,29
2013-03-20,28.78,29.63,28,29.4,2294400,29.4
2013-03-21,29.35,30.38,29.11,30.36,2981900,30.36
2013-03-22,30.09,30.8,29.92,30.06,2254000,30.06
2013-03-25,30.6,30.79,29.8,29.9,1979200,29.9
2013-03-26,29.91,29.91,28.73,28.94,1531900,28.94
2013-03-27,28.81,29.23,28.63,29.15,1301500,29.15
2013-03-28,28.8,28.8,26.84,26.88,2018100,26.88
2013-03-29,26.46,27.27,26.46,26.8,754500,26.8
2013-04-01,25.02,25.76,24.12,24.12,3049900,24.12
2013-04-02,23.69,24.18,22.95,23.17,1853300,23.17
2013-04-03,23.18,23.52,23.03,23.36,910600,23.36
2013-04-08,23,23.95,22.42,23.79,1075600,23.79
2013-04-09,23.69,24.28,23.53,23.94,1087600,23.94
2013-04-10,23.71,24.13,23.38,23.51,773800,23.51
2013-04-11,23.87,24.08,23.6,23.81,719600,23.81
2013-04-12,23.97,24.34,23.4,23.52,772900,23.52
2013-04-15,23.06,23.35,22.4,22.41,839200,22.41
2013-04-16,22.28,22.79,22.01,22.61,500900,22.61
2013-04-17,22.6,22.98,22.55,22.82,461000,22.82
2013-04-18,22.82,22.92,22.48,22.66,478100,22.66
2013-04-19,22.7,23.59,22.66,23.35,1141600,23.35
2013-04-22,23.09,24.19,22.96,24.05,1110400,24.05
2013-04-23,23.5,23.72,22.4,22.42,1519900,22.42
2013-04-24,22.3,22.87,22.3,22.68,836100,22.68
2013-04-25,22.6,22.6,21.59,21.59,1150800,21.59
2013-04-26,21.59,21.59,20.28,20.57,853000,20.57
2013-05-02,20.49,20.76,20.27,20.65,443300,20.65
2013-05-03,20.85,21.69,20.67,21.42,739500,21.42
2013-05-06,21.36,21.78,21.31,21.64,740000,21.64
2013-05-07,21.7,21.94,21.58,21.7,546300,21.7
2013-05-08,21.71,22.15,21.71,22,715000,22
2013-05-09,22.18,22.18,21.41,22,1041900,22
2013-05-10,21.86,22.79,21.7,22.78,1609600,22.78
2013-05-13,22.88,23.98,22.88,23.78,2476600,23.78
2013-05-14,23.66,23.66,23.02,23.23,1123900,23.23
2013-05-15,23.28,23.6,22.72,23.2,1157000,23.2
2013-05-16,23.22,23.9,22.9,23.5,1443100,23.5
2013-05-17,23.26,23.56,23.05,23.41,1023200,23.41
2013-05-20,23.45,24.29,23.45,24.05,1619800,24.05
2013-05-21,24.18,24.35,23.68,24.19,1468600,24.19
2013-05-22,24.22,24.3,23.43,23.49,1279800,23.49
2013-05-23,23.33,23.72,22.9,23.03,1283100,23.03
2013-05-24,23.03,23.49,22.93,23.36,699000,23.36
2013-05-27,23.55,24.02,23.37,23.95,1219100,23.95
2013-05-28,23.94,24.38,23.52,23.54,1259700,23.54
2013-05-29,23.57,24.13,23.4,24.03,1081900,24.03
2013-05-30,24.17,24.5,23.9,24.5,1560600,24.5
2013-05-31,24.58,24.59,23.84,23.93,1527400,23.93
2013-06-03,23.81,23.88,22.87,22.98,1244500,22.98
2013-06-04,22.98,22.98,21.81,21.9,1036700,21.9
2013-06-05,21.82,22.3,21.8,22.21,548400,22.21
2013-06-06,22.22,22.22,21.63,21.63,655000,21.63
2013-06-07,21.63,22.07,21.53,22.02,687700,22.02
2013-06-13,21.8,22.68,21.03,22.6,1206500,22.6
2013-06-14,22.44,22.74,22.14,22.54,1111400,22.54
2013-06-17,22.44,22.76,22.1,22.55,742600,22.55
2013-06-18,22.57,22.69,21.75,21.92,764400,21.92
2013-06-19,21.69,21.97,21.35,21.81,503100,21.81
2013-06-20,21.81,22.17,21.43,21.82,808400,21.82
2013-06-21,21.63,21.63,19.79,20.29,1320300,20.29
2013-06-24,20.04,20.2,18.26,18.28,1017200,18.28
2013-06-25,18.28,18.4,16.45,17.5,1115400,17.5
2013-06-26,17.49,18.19,17.41,18.09,785000,18.09
2013-06-27,18.11,18.27,17.5,17.54,819800,17.54
2013-06-28,17.54,18.18,17.21,17.47,525100,17.47
2013-07-01,17.88,17.88,17.27,17.8,413600,17.8
2013-07-02,17.82,18.25,17.6,18.2,669000,18.2
2013-07-03,18.25,18.26,17.46,17.89,659000,17.89
2013-07-04,18.01,19.25,17.65,18.66,1262600,18.66
2013-07-05,18.73,18.77,18.26,18.66,783800,18.66
2013-07-08,18.54,18.54,17.7,17.79,473300,17.79
2013-07-09,17.79,18.17,17.54,17.96,361300,17.96
2013-07-10,17.8,18.45,17.76,18.4,573400,18.4
2013-07-11,18.6,19.08,18.32,18.86,9e+05,18.86
2013-07-12,18.9,19.27,18.63,18.64,747700,18.64
2013-07-15,18.71,19.17,18.71,19.07,726800,19.07
2013-07-16,19.01,19.32,18.82,19.3,960300,19.3
2013-07-17,19.25,19.31,18.67,18.71,747400,18.71
2013-07-18,18.68,18.76,18.3,18.33,669300,18.33
2013-07-19,18.45,18.72,17.55,17.68,583000,17.68
2013-07-22,17.31,17.95,17.31,17.89,502700,17.89
2013-07-23,17.7,18.4,17.7,18.4,520300,18.4
2013-07-24,18.4,18.55,17.92,18.4,657500,18.4
2013-07-25,18.42,18.48,17.9,18.12,565200,18.12
2013-07-26,18.18,18.3,17.81,17.96,494300,17.96
2013-07-29,17.65,17.96,17.62,17.65,577000,17.65
2013-07-30,17.71,17.84,17.29,17.43,369900,17.43
2013-07-31,17.48,17.71,17.38,17.46,386900,17.46
2013-08-01,17.66,19.21,17.56,19.21,1498000,19.21
2013-08-02,19.69,20.48,19.36,19.92,3353200,19.92
2013-08-05,19.92,20.18,19.61,19.96,1437700,19.96
2013-08-06,20.07,20.28,19.63,20.01,1724800,20.01
2013-08-07,20,20.15,19.62,19.68,1164200,19.68
2013-08-08,19.49,19.86,19.36,19.74,849700,19.74
2013-08-09,19.65,20.18,19.65,20.09,1266000,20.09
2013-08-12,20.09,21.26,19.96,20.97,2267400,20.97
2013-08-13,20.85,20.94,20.58,20.72,1028400,20.72
2013-08-14,20.68,21.12,20.36,20.56,913200,20.56
2013-08-15,20.8,20.87,19.93,19.95,1016500,19.95
2013-08-16,19.89,20.14,19.52,19.57,891200,19.57
2013-08-19,19.45,19.97,19.4,19.89,618600,19.89
2013-08-20,19.67,20.09,19.55,19.61,813500,19.61
2013-08-21,19.61,19.85,19.45,19.85,531200,19.85
2013-08-22,19.85,19.94,19.66,19.71,480000,19.71
2013-08-23,19.75,19.87,18.82,19.05,859700,19.05
2013-08-26,18.8,19.34,18.8,19.28,660100,19.28
2013-08-27,19.28,19.42,19.2,19.36,668400,19.36
2013-08-28,19.3,19.3,18.9,19.1,769700,19.1
2013-08-29,19.11,19.3,18.98,19.16,519200,19.16
2013-08-30,19.23,21,18.95,20,2352000,20
2013-09-02,20.2,21,19.88,20.81,2140500,20.81
2013-09-03,20.77,20.99,20.32,20.92,1401300,20.92
2013-09-04,20.7,20.79,20.31,20.51,928800,20.51
2013-09-05,20.56,21.33,20.3,20.77,1560600,20.77
2013-09-06,20.77,20.84,20.34,20.48,1149000,20.48
2013-09-09,20.4,20.6,20.33,20.54,861800,20.54
2013-09-10,20.54,20.98,20.38,20.91,1365800,20.91
2013-09-11,20.9,21.37,20.6,20.74,1834600,20.74
2013-09-12,20.6,20.9,20,20.08,1313300,20.08
2013-09-13,20.1,20.19,19.66,19.92,905500,19.92
2013-09-16,19.92,20.14,19.82,19.93,455500,19.93
2013-09-17,19.93,20.15,19.3,19.31,596400,19.31
2013-09-18,19.46,19.94,19.39,19.91,503000,19.91
2013-09-23,21,21.9,21,21.9,3035900,21.9
2013-09-24,22.4,22.76,21.62,21.67,5300500,21.67
2013-09-25,21.11,21.66,21.02,21.22,2411000,21.22
2013-09-26,21.5,23.3,21.35,22.53,4458600,22.53
2013-09-27,22.2,22.4,21.38,21.55,2200500,21.55
2013-09-30,21.56,22.17,21.38,21.71,1383200,21.71
2013-10-08,21.68,22.5,21.2,22.45,1813900,22.45
2013-10-09,22.19,22.49,21.92,22.26,1591400,22.26
2013-10-10,22.19,22.26,21.68,21.71,1363200,21.71
2013-10-11,21.65,22.17,21.65,21.93,1066400,21.93
2013-10-14,22,22.36,21.57,22.19,1515900,22.19
2013-10-15,22,22.06,21.5,21.68,1212300,21.68
2013-10-16,21.5,21.68,20.35,20.4,1300400,20.4
2013-10-17,20.66,20.89,20.33,20.47,777600,20.47
2013-10-18,20.8,20.99,20.54,20.92,723600,20.92
2013-10-21,20.92,22.78,20.8,22.39,2394300,22.39
2013-10-22,22,22.89,21.72,22.69,4209200,22.69
2013-10-23,22.6,24.36,21.91,23.39,6714600,23.39
2013-10-24,23,23.39,22.46,22.52,2867900,22.52
2013-10-25,22.31,22.51,21.18,21.31,2149100,21.31
2013-10-28,21.11,21.75,21,21.59,1201700,21.59
2013-10-29,21.37,21.98,19.55,20.44,2062400,20.44
2013-10-30,20.17,21.52,19.57,21.5,2357500,21.5
2013-10-31,21.49,22.53,21.43,21.54,2615400,21.54
2013-11-01,21.35,21.35,20.6,21.03,1259000,21.03
2013-11-04,21.03,22.19,21.03,22.08,1707400,22.08
2013-11-05,21.76,22.91,21.76,22.58,2613900,22.58
2013-11-06,22.5,24.84,22.23,23.85,7003500,23.85
2013-11-07,23.31,23.83,22.68,23.33,3804000,23.33
2013-11-08,23.19,23.95,22.95,23.18,2690600,23.18
2013-11-11,23,24.57,22.5,24.51,3442600,24.51
2013-11-12,24.29,25.6,23.9,24.01,5050900,24.01
2013-11-13,23.6,25.15,23.05,25,3996600,25
2013-11-14,24.51,26.06,24.5,25.26,4901000,25.26
2013-11-15,25.05,25.79,24.81,25.25,3922300,25.25
2013-11-18,25,25.65,24.7,25.1,3902500,25.1
2013-11-19,24.94,25.98,24.58,25.49,3412100,25.49
2013-11-20,25.39,25.39,24.72,24.99,2380900,24.99
2013-11-21,24.87,24.93,24.12,24.26,2255700,24.26
2013-11-22,24.5,24.72,24.2,24.26,1733000,24.26
2013-11-25,24.22,25.14,24.05,25.1,2212200,25.1
2013-11-26,25.1,26.14,24.88,25.36,3191000,25.36
2013-11-27,25.45,26.3,25.2,25.68,2627000,25.68
2013-11-28,25.51,26.96,25.23,26.7,4167600,26.7
2013-11-29,26.64,28.5,26.42,27.32,4659200,27.32
2013-12-02,25.35,26.34,24.59,24.59,3478900,24.59
2013-12-03,23.6,24.99,23.25,24.79,2121600,24.79
2013-12-04,24.59,26.65,24.35,25.55,2944300,25.55
2013-12-05,25.35,27.26,25.35,26.99,3000200,26.99
2013-12-06,26.88,27.3,26.22,26.64,2107900,26.64
2013-12-09,26.64,28.17,26.41,27.98,2864400,27.98
2013-12-10,27.9,28.98,26.81,26.96,3821800,26.96
2013-12-11,26.7,27.3,26.49,27.23,2023200,27.23
2013-12-12,26.99,27.76,26.73,27.04,1975200,27.04
2013-12-13,26.8,26.98,26.16,26.29,1521000,26.29
2013-12-16,26.42,26.55,25.23,25.5,1574400,25.5
2013-12-17,25.38,26.19,25.38,25.71,1174500,25.71
2013-12-18,26.44,28.28,26.26,26.6,2462200,26.6
2013-12-19,26,26.43,25.3,25.43,1449300,25.43
2013-12-20,25.38,25.7,24.3,24.59,1189400,24.59
2013-12-23,24.59,24.75,23.59,24.33,906000,24.33
2013-12-24,24.4,25.27,24.4,24.77,990400,24.77
2013-12-25,24.66,26.09,24.66,26.05,1813200,26.05
2013-12-26,25.97,26.25,25.54,25.56,1348200,25.56
2013-12-27,25.46,26.47,25.43,26.45,1389500,26.45
2013-12-30,26.38,26.88,26.32,26.51,1094800,26.51
2013-12-31,26.75,26.88,25.63,26.18,1115900,26.18
2014-01-02,26.14,26.14,25.5,25.87,930400,25.87
2014-01-03,25.79,26.62,25.6,26.62,1266400,26.62
2014-01-06,26.59,26.61,24.61,25,1209900,25
2014-01-07,23.9,25.44,23.9,25.17,678900,25.17
2014-01-08,25.04,25.73,25,25.6,809900,25.6
2014-01-09,25.22,25.73,24.9,25.29,789200,25.29
2014-01-10,25.05,25.1,23.68,23.76,1082900,23.76
2014-01-13,23.81,24.16,22.65,22.76,1031000,22.76
2014-01-14,22.65,23.65,22.4,23.63,864700,23.63
2014-01-15,23.7,23.75,23.14,23.6,639800,23.6
2014-01-16,23.58,24.42,23.32,24.05,1315800,24.05
2014-01-17,23.87,24,22.93,23.08,712100,23.08
2014-01-20,23.2,23.28,22.5,22.85,523100,22.85
2014-01-21,22.88,23.23,22.8,23,9e+05,23
2014-01-22,23,23.7,22.9,23.65,953200,23.65
2014-01-23,23.52,24.08,23.52,23.74,858400,23.74
2014-01-24,23.72,24.19,23.61,24.02,934900,24.02
2014-01-27,24.1,24.1,23.54,23.54,927600,23.54
2014-01-28,23.6,23.95,23.14,23.49,550100,23.49
2014-01-29,23.5,23.96,23.4,23.9,503400,23.9
2014-01-30,23.92,24.15,23.4,23.56,613800,23.56
2014-02-07,23.68,24.18,23.31,24.16,781400,24.16
2014-02-10,24.16,24.89,24,24.78,1358500,24.78
2014-02-11,24.78,24.87,24.45,24.67,1331500,24.67
2014-02-12,24.67,26.05,24.6,25.8,2041400,25.8
2014-02-13,25.72,26.22,25.25,25.55,1303600,25.55
2014-02-14,25.3,26.66,25.3,26.48,1518700,26.48
2014-02-17,26.4,26.96,26.3,26.45,1196800,26.45
2014-02-18,26.1,26.1,25.15,25.28,2399500,25.28
2014-02-19,25.4,25.49,24.88,25.46,1283300,25.46
2014-02-20,25.46,26.08,24.8,24.84,1446700,24.84
2014-02-21,24.4,24.8,24.19,24.43,1007100,24.43
2014-02-24,24.03,24.77,24.03,24.67,610400,24.67
2014-02-25,24.68,24.86,22.3,22.71,1561400,22.71
2014-02-26,22.7,22.85,22.25,22.82,633000,22.82
2014-02-27,22.86,22.91,21.42,21.72,1481300,21.72
2014-02-28,21.72,21.85,21.15,21.82,671900,21.82
2014-03-03,21.75,22.55,21.57,22.5,761000,22.5
2014-03-04,22.47,22.47,21.88,22.35,495500,22.35
2014-03-05,22.4,22.5,22.1,22.3,508000,22.3
2014-03-06,22.22,22.35,21.68,22.02,472300,22.02
2014-03-07,21.97,22.29,21.91,22.24,574100,22.24
2014-03-10,21.95,21.95,21.2,21.22,618500,21.22
2014-03-11,21.01,21.29,20.68,20.83,515200,20.83
2014-03-12,20.85,21.15,20.01,20.26,893700,20.26
2014-03-13,20.28,20.58,20.12,20.58,509400,20.58
2014-03-14,20.68,21.09,20.56,20.75,501100,20.75
2014-03-17,20.75,21.29,20.58,21.28,488000,21.28
2014-03-18,21.28,21.43,21.09,21.14,508000,21.14
2014-03-19,21.14,21.45,20.97,21.39,459200,21.39
2014-03-20,21.4,21.5,20.78,20.78,419700,20.78
2014-03-21,20.78,21.47,20.25,21.35,491300,21.35
2014-03-24,21.3,21.45,21.12,21.43,448900,21.43
2014-03-25,21.4,21.85,21.23,21.57,504300,21.57
2014-03-26,21.65,21.84,21.32,21.48,442200,21.48
2014-03-27,21.59,21.59,20.91,20.91,474900,20.91
2014-03-28,20.85,20.85,20.12,20.26,469800,20.26
2014-03-31,20,20.4,19.98,20.22,319400,20.22
2014-04-01,20.23,20.6,20.08,20.55,288600,20.55
2014-04-02,20.65,20.65,20.24,20.38,263200,20.38
2014-04-03,20.48,20.55,20.28,20.38,325900,20.38
2014-04-04,20.21,20.58,20.21,20.42,238900,20.42
2014-04-08,20.42,20.74,20.16,20.63,398900,20.63
2014-04-09,20.73,20.97,20.52,20.86,363900,20.86
2014-04-10,20.84,21.09,20.75,21.08,458400,21.08
2014-04-11,21.08,21.63,21.01,21.2,554600,21.2
2014-04-14,21.1,21.26,20.87,21.16,323000,21.16
2014-04-15,21.21,21.21,20.8,20.83,313000,20.83
2014-04-16,20.81,20.95,20.65,20.93,192400,20.93
2014-04-17,20.95,21.16,20.95,21.03,363800,21.03
2014-04-18,21.04,21.45,20.99,21.39,468200,21.39
2014-04-21,21,21.29,20.98,21.06,460100,21.06
2014-04-22,20.74,21,20.3,20.71,885700,20.71
2014-04-23,20.88,20.88,20.28,20.46,548900,20.46
2014-04-24,20.3,20.43,20.22,20.27,424600,20.27
2014-04-25,20.2,20.37,20.16,20.23,466300,20.23
2014-04-28,20.2,20.53,19.97,20.24,434400,20.24
2014-04-29,20.24,20.45,20.13,20.45,285700,20.45
2014-04-30,20.45,20.6,20.26,20.3,441600,20.3
2014-05-05,20.3,20.62,20.03,20.61,419600,20.61
2014-05-06,20.75,21.62,20.62,21.42,1528400,21.42
2014-05-07,21.28,21.54,21.17,21.41,867500,21.41
2014-05-08,21.3,21.53,21.27,21.44,651800,21.44
2014-05-09,21.45,22.35,21.08,21.5,1977300,21.5
2014-05-12,21.63,22.79,21.48,22.7,2976000,22.7
2014-05-13,22.59,22.95,22.2,22.39,1301100,22.39
2014-05-14,22.4,23,22.17,22.62,1784200,22.62
2014-05-15,22.62,22.65,21.9,22.37,1039300,22.37
2014-05-16,22.37,23.34,22.05,23.24,3558800,23.24
2014-05-19,23.24,23.98,22.91,23.77,2983300,23.77
2014-05-20,23.76,23.98,23.29,23.37,1823800,23.37
2014-05-21,23.46,23.75,22.9,23.69,3282100,23.69
2014-05-22,23.68,23.8,23.27,23.39,1478600,23.39
2014-05-23,23.54,23.58,23.1,23.38,1214900,23.38
2014-05-26,23.3,23.9,23.12,23.85,2340300,23.85
2014-05-27,23.73,24.09,23.53,23.68,2313300,23.68
2014-05-28,23.68,24.26,23.51,23.68,1921100,23.68
2014-05-29,23.57,23.68,23.27,23.62,1772900,23.62
2014-05-30,23.7,23.77,22.95,23.23,1465300,23.23
2014-06-03,23.58,23.58,23.02,23.26,727300,23.26
2014-06-04,23.37,23.37,22.8,23.3,755100,23.3
2014-06-05,23.3,23.3,22.71,22.95,1257700,22.95
2014-06-06,22.98,23.37,22.55,23.28,1049200,23.28
2014-06-09,23.2,23.63,23,23.55,819200,23.55
2014-06-10,23.52,23.78,23.3,23.31,1263500,23.31
2014-06-11,23.41,23.84,23.26,23.5,1967000,23.5
2014-06-12,23.5,23.6,22.8,22.82,919000,22.82
2014-06-13,22.83,22.9,21.61,21.61,3555200,21.61
2014-06-16,21.55,22.19,21.5,22.14,1942300,22.14
2014-06-17,22.15,22.15,21.78,21.8,793700,21.8
2014-06-18,21.69,22.01,21.64,21.69,683400,21.69
2014-06-19,21.71,21.9,20.3,21.5,1621600,21.5
2014-06-20,21.15,21.68,20.83,21.51,1023900,21.51
2014-06-23,21.65,22.45,21.63,22.21,1385900,22.21
2014-06-24,22.37,22.45,22.12,22.34,1271600,22.34
2014-06-25,22.3,22.42,22.01,22.13,937500,22.13
2014-06-26,22.11,22.5,22.11,22.41,1334900,22.41
2014-06-27,22.44,22.45,21.8,21.84,2759200,21.84
2014-06-30,21.8,22.2,21.71,22.03,2091400,22.03
2014-07-01,21.98,22.29,21.92,22.22,1043100,22.22
2014-07-02,22.23,22.28,21.84,22.26,913200,22.26
2014-07-03,22.25,22.58,22.04,22.5,1414400,22.5
2014-07-04,22.55,22.63,22.28,22.5,968400,22.5
2014-07-07,22.48,22.65,22.28,22.55,792700,22.55
2014-07-08,22.55,22.65,22.28,22.52,831700,22.52
2014-07-09,22.5,22.5,22,22.13,1520100,22.13
2014-07-10,22.22,22.25,21.92,22,1134800,22
2014-07-11,21.9,23.63,21.9,22.49,2189300,22.49
2014-07-14,22.49,22.71,22.41,22.7,1232700,22.7
2014-07-15,22.78,23.08,22.45,23,1721900,23
2014-07-16,22.9,22.99,22.53,22.54,898500,22.54
2014-07-17,22.58,22.67,22.26,22.48,592700,22.48
2014-07-18,22.53,23.09,22.53,23.05,1535400,23.05
2014-07-21,23,23.15,22.64,22.67,957900,22.67
2014-07-22,22.6,22.96,22.52,22.71,759700,22.71
2014-07-23,22.68,22.9,21.8,21.85,1270800,21.85
2014-07-24,21.8,22,21.3,21.38,1058800,21.38
2014-07-25,21.38,21.75,21.38,21.65,533800,21.65
2014-07-28,21.6,22.17,21.6,22.1,690300,22.1
2014-07-29,22.1,22.29,22.01,22.23,794700,22.23
2014-07-30,22.25,22.97,22.23,22.87,1437600,22.87
2014-07-31,22.89,25.15,22.87,24.8,5969600,24.8
2014-08-01,24.8,24.98,24.22,24.44,3023000,24.44
2014-08-04,24.42,24.42,23.91,24.28,1563800,24.28
2014-08-05,24.27,24.78,24.2,24.3,1681300,24.3
2014-08-06,24.3,24.49,24.03,24.16,909600,24.16
2014-08-07,24.11,24.5,23.92,24.09,1064500,24.09
2014-08-08,24.08,24.29,23.81,24.19,861300,24.19
2014-08-11,24.2,24.4,24,24.31,868300,24.31
2014-08-12,24.29,24.5,24.2,24.35,854800,24.35
2014-08-13,24.39,24.47,23.89,24.04,809700,24.04
2014-08-14,23.98,24.34,23.95,24.03,779500,24.03
2014-08-15,23.99,24.39,23.99,24.32,849000,24.32
2014-08-18,24.34,24.77,24.34,24.6,1302900,24.6
2014-08-19,24.35,24.5,24.06,24.22,1516200,24.22
2014-08-20,24.22,24.46,24.08,24.28,1097500,24.28
2014-08-21,24.35,24.37,24.05,24.27,872100,24.27
2014-08-22,24.36,24.75,24.18,24.56,1324900,24.56
2014-08-25,24.58,25.35,24.46,24.71,1687500,24.71
2014-08-26,24.59,24.65,23.8,23.92,1345300,23.92
2014-08-27,24,24,23.6,23.79,852200,23.79
2014-08-28,23.72,24,23.55,23.74,559100,23.74
2014-08-29,23.8,23.95,23.66,23.91,501400,23.91
2014-09-01,23.85,24.45,23.85,24.45,785700,24.45
2014-09-02,24.45,24.76,24.28,24.65,1055400,24.65
2014-09-03,24.68,25.34,24.51,24.9,2422800,24.9
2014-09-04,24.91,25.88,24.91,25.4,2365700,25.4
2014-09-05,25.31,25.45,25.12,25.4,1220200,25.4
2014-09-09,25.39,25.55,25.16,25.35,1282500,25.35
2014-09-10,25.13,25.65,24.76,25.49,1557600,25.49
2014-09-11,25.49,25.95,25.16,25.35,1648700,25.35
2014-09-12,25.26,26.56,25.22,26.08,1532000,26.08
2014-09-15,25.95,28.69,25.83,28.69,6551800,28.69
2014-09-16,29.03,29.46,28,28.4,4243800,28.4
2014-09-17,28.2,30,28.01,29.3,3055900,29.3
2014-09-18,29.08,29.98,28.8,29.49,2621900,29.49
2014-09-19,29.18,29.57,28.43,29.23,2191600,29.23
2014-09-22,29.06,29.1,28.53,28.7,1397600,28.7
2014-09-23,28.6,28.93,28.55,28.84,957000,28.84
2014-09-24,28.9,29.48,28.65,29.19,1405200,29.19
2014-09-25,29.45,29.45,28.69,29.3,1335500,29.3
2014-09-26,29.18,31.6,29.1,30.7,2992900,30.7
2014-09-29,30.7,31.13,30.15,30.97,1508500,30.97
2014-09-30,30.98,32.39,30.62,32,1787100,32
2014-10-08,32,32.55,31.08,32.15,976100,32.15
2014-10-09,32,32.3,30.68,31,1425000,31
2014-10-10,31.15,32.19,30.66,31.89,1786700,31.89
2014-10-13,31.5,31.99,31,31.43,1023000,31.43
2014-10-14,31.4,31.63,30.65,30.72,1596200,30.72
2014-10-15,30.65,31.3,30.45,30.85,1289800,30.85
2014-10-16,30.62,31.88,30.61,30.82,1751600,30.82
2014-10-17,30.8,31.78,29.9,31.18,2176700,31.18
2014-10-20,31.18,33.65,31.18,33.43,2333500,33.43
2014-10-21,33.08,34.15,32.72,33.5,1902400,33.5
2014-10-22,33.46,34.69,32.82,33.51,1779200,33.51
2014-10-23,33.2,33.88,32.41,33.4,1042800,33.4
2014-10-24,33.43,33.5,32.75,33.37,566800,33.37
2014-10-27,33.49,34.49,32.53,33.98,847100,33.98
2014-10-28,33.98,34.63,33.5,34.62,964800,34.62
2014-10-29,34.6,35.99,34.2,34.77,898800,34.77
2014-10-30,34.91,34.91,33.5,34.05,1264400,34.05
2014-10-31,34.01,34.35,32.88,34.24,1092400,34.24
2014-11-03,34.18,34.99,34,34.41,607200,34.41
2014-11-04,34.56,34.79,34.05,34.25,417800,34.25
2014-11-05,34.2,34.5,34,34.1,504500,34.1
2014-11-06,34.29,35.08,34.01,34.99,822500,34.99
2014-11-07,34.82,35.29,34.01,34.15,753700,34.15
2014-11-10,33.92,34.5,33.8,34.01,323300,34.01
2014-11-11,34,34.13,30.85,31.99,1100700,31.99
2014-11-12,31.8,32.3,31.15,32.14,393300,32.14
2014-11-13,32.18,32.18,30,30.25,966100,30.25
2014-11-14,29.8,31,29.52,30.83,579200,30.83
2014-11-17,30.85,31.48,30.53,31.25,408500,31.25
2014-11-18,30.63,31.37,30.63,30.99,421800,30.99
2014-11-19,30.99,31.43,30.55,31.13,577700,31.13
2014-11-20,30.81,31.13,30.6,30.74,319600,30.74
2014-11-21,30.68,31.15,30.68,30.83,339600,30.83
2014-11-24,31.08,31.8,30.96,31.53,558100,31.53
2014-11-25,31.45,32.1,31.41,32.1,480400,32.1
2014-11-26,31.99,32.75,31.99,32.29,507200,32.29
2014-11-27,32.38,32.5,31.5,32.1,711500,32.1
2014-11-28,32.22,32.22,31.43,31.68,604700,31.68
2014-12-01,31.9,32,30.18,30.45,725900,30.45
2014-12-02,30.3,31.32,30.21,31.15,501900,31.15
2014-12-03,31.19,32.6,31.02,32.1,954800,32.1
2014-12-04,32.14,32.47,31.78,32.04,1001700,32.04
2014-12-05,32.03,32.17,30.13,32,1028400,32
2014-12-08,31.97,31.97,31,31.24,689400,31.24
2014-12-09,31,31,29.3,29.33,1331900,29.33
2014-12-10,29.31,30.15,29.03,30.07,465100,30.07
2014-12-11,30,30.24,29.6,29.9,411800,29.9
2014-12-12,29.8,30.49,29.8,30.28,1012500,30.28
2014-12-15,30,30.69,29.51,30.57,505400,30.57
2014-12-16,30.65,32.6,30.62,32.51,1808900,32.51
2014-12-17,32.47,33,31.31,31.89,901000,31.89
2014-12-18,32.28,32.5,31,31.92,832000,31.92
2014-12-19,31.91,31.92,30.45,31.07,481100,31.07
2014-12-22,31,31.78,29.56,31.69,778600,31.69
2014-12-23,31.4,32.5,31.25,31.42,462200,31.42
2014-12-24,32.1,32.1,31,31.45,305800,31.45
2014-12-25,31.85,31.85,31.08,31.64,409200,31.64
2014-12-26,31.68,31.68,30.71,31.12,382500,31.12
2014-12-29,30.1,31.3,30.1,30.14,307400,30.14
2014-12-30,30.06,30.79,29.88,30.3,300100,30.3
2014-12-31,30.2,30.43,30,30.09,298300,30.09
2015-01-05,30.02,30.34,29.5,30.19,353900,30.19
2015-01-06,30.17,30.53,29.81,30.31,558700,30.31
2015-01-07,30.5,30.5,29.94,30.13,378400,30.13
2015-01-08,30.3,30.3,29.81,29.9,461500,29.9
2015-01-09,29.62,30.11,29.6,29.73,313100,29.73
2015-01-12,29.73,30.08,29.2,30.05,666300,30.05
2015-01-13,30.01,30.29,29.75,30.16,699200,30.16
2015-01-14,30.29,30.99,30,30.19,517100,30.19
2015-01-15,30.01,30.7,29.85,30.61,598800,30.61
2015-01-16,30.61,31.85,30.33,31.85,878900,31.85
2015-01-19,31.2,32.98,31.17,32.96,1604900,32.96
2015-01-20,32.76,34.18,32.59,33,3239700,33
2015-01-21,32.33,32.8,32.03,32.67,1624600,32.67
2015-01-22,32.7,33.23,32.5,32.9,1555300,32.9
2015-01-23,32.5,33.8,32.5,33.23,1196800,33.23
2015-01-26,33.15,33.15,32.52,33,663500,33
2015-01-27,33.47,33.49,32.41,32.76,541500,32.76
2015-01-28,32.76,33.88,32.51,33.2,766100,33.2
2015-01-29,33.52,33.87,33.01,33.65,880300,33.65
2015-01-30,33.89,33.89,32.35,32.4,597200,32.4
2015-02-02,32,32.68,31.6,32.6,682000,32.6
2015-02-03,32.66,32.89,32.41,32.69,291100,32.69
2015-02-04,32.75,33.38,32.41,32.72,242700,32.72
2015-02-05,32.73,33.36,32,32,298800,32
2015-02-06,31.66,31.97,30.55,30.99,362000,30.99
2015-02-09,30.18,31.2,30.02,30.99,418200,30.99
2015-02-10,30.9,30.99,30.26,30.65,252700,30.65
2015-02-11,30.28,30.94,30.28,30.68,142800,30.68
2015-02-12,30.59,30.84,30.35,30.72,242600,30.72
2015-02-13,30.88,31.59,30.59,31.2,281400,31.2
2015-02-16,31.6,31.6,31.15,31.4,255800,31.4
2015-02-17,31.79,31.79,31.2,31.5,204300,31.5
2015-02-25,31.5,31.7,31.15,31.63,305400,31.63
2015-02-26,31.68,31.9,31.35,31.67,193400,31.67
2015-02-27,31.87,32.4,31.67,32.03,305000,32.03
2015-03-02,32.05,32.69,32.05,32.6,535300,32.6
2015-03-03,32.56,33.6,32.4,33.59,802800,33.59
2015-03-04,33.5,36.9,33.01,36.36,2334400,36.36
2015-03-05,35.7,36.2,34.73,34.77,1222300,34.77
2015-03-06,34.7,35.15,33.76,33.77,709700,33.77
2015-03-09,33.6,34.41,33.4,33.87,478200,33.87
2015-03-10,33.87,34.49,33.7,34.48,391600,34.48
2015-03-11,34.48,34.55,33.81,33.88,440600,33.88
2015-03-12,33.79,34.6,32.88,33.5,542000,33.5
2015-03-13,33.52,34.1,33.29,33.72,287100,33.72
2015-03-16,33.87,34.33,33.4,34.25,742700,34.25
2015-03-17,34.45,35,34.25,34.47,749500,34.47
2015-03-18,34.65,35.2,34.3,34.92,892900,34.92
2015-03-19,34.73,34.8,34.32,34.61,705800,34.61
2015-03-20,34.72,35.88,34.6,35.7,1205800,35.7
2015-07-14,23.06,23.06,23.06,23.06,163500,23.06
2015-07-15,25.37,25.37,25.37,25.37,790600,25.37
2015-07-16,27.91,27.91,27.91,27.91,1315600,27.91
2015-07-17,30.7,30.7,30.7,30.7,141800,30.7
2015-07-20,33.77,33.77,33.77,33.77,54500,33.77
2015-07-21,37.15,37.15,37.15,37.15,368800,37.15
2015-07-22,40.87,40.87,40.87,40.87,507800,40.87
2015-07-23,44.96,44.96,44.96,44.96,28800,44.96
2015-07-24,49.46,49.46,48.5,49.46,9669400,49.46
2015-07-27,51,51,44.51,44.51,16404700,44.51
2015-07-28,40.06,42,40.06,40.06,7983500,40.06
2015-07-29,40.01,41.97,38,41.32,9690100,41.32
2015-07-30,40,40.47,37.19,37.19,8539600,37.19
2015-07-31,35.7,36.77,33.47,33.85,6703700,33.85
2015-08-03,32.8,33.83,31.56,33.5,4261400,33.5
2015-08-04,33.5,36.85,33.5,36.85,9375000,36.85
2015-08-05,37.6,37.96,34.5,34.7,9871500,34.7
2015-08-06,33,33.88,31.81,33.4,5808700,33.4
2015-08-07,34,36.54,33.54,35.99,5716000,35.99
2015-08-10,35.9,38.73,35.38,37.61,6903700,37.61
2015-08-11,37.09,38,36.58,37.1,5368300,37.1
2015-08-12,36.39,37,34.7,34.7,4549200,34.7
2015-08-13,34.11,37,34.1,36.92,5005000,36.92
2015-08-14,37,39.37,36.2,38.78,6767600,38.78
2015-08-17,38.2,40.23,38,38.75,6256200,38.75
2015-08-18,38,38.75,34.88,34.88,5835700,34.88
2015-08-19,33.94,36.45,32.58,36.45,4469400,36.45
2015-08-20,35.5,36.43,34.14,34.28,2715900,34.28
2015-08-21,33.64,34.1,31.02,31.4,3776700,31.4
2015-08-24,29.6,29.91,28.26,28.26,3736100,28.26
2015-08-25,25.52,27.98,25.43,25.46,5832600,25.46
2015-08-26,25.9,27.54,24.86,25.55,5777000,25.55
2015-08-27,26.37,28.11,26.02,28.11,6489700,28.11
2015-08-28,28.27,30.48,28.07,29.85,7424700,29.85
2015-08-31,29.2,29.2,27.45,27.48,4175500,27.48
2015-09-01,27.3,27.5,24.73,25,4314100,25
2015-09-02,23.5,25.88,23.5,24.2,2691700,24.2
2015-09-07,24.94,25.95,24.5,25.37,3034000,25.37
2015-09-08,25,27.24,24.3,26.93,3413400,26.93
2015-09-09,26.8,28.9,26.72,28.39,6129800,28.39
2015-09-10,27.66,29.87,27.6,29.49,4751200,29.49
2015-09-11,29.49,32.44,29.04,32.44,8715600,32.44
2015-09-14,32.44,33.5,29.2,32.44,8316200,32.44
2015-09-15,30.99,35.6,30.5,35.4,7003900,35.4
2015-09-16,36,38.48,32.9,37.34,13743400,37.34
2015-09-17,35.42,39.97,34,39.34,10150600,39.34
2015-09-18,38,39.3,37.51,39.2,4422000,39.2
2015-09-21,38.4,39.47,37.61,37.9,3406100,37.9
2015-09-22,37.1,41.38,36.18,40.5,5509400,40.5
2015-09-23,39,44.48,38.91,42.4,5988800,42.4
2015-09-24,42,43.5,40.34,40.8,3584800,40.8
2015-09-25,39.8,43.69,36.72,42.7,5242700,42.7
2015-09-28,39.88,41.88,39.25,39.53,4555500,39.53
2015-09-29,38.75,40.88,37.09,40.49,4341000,40.49
2015-09-30,39.75,39.75,38,38,2098700,38
2015-10-08,39.21,39.45,37.7,38.25,4092700,38.25
2015-10-09,37.71,40.88,37.61,39.55,4904500,39.55
2015-10-12,39.49,42.1,39.12,42.09,6105900,42.09
2015-10-13,41.98,41.98,40.03,41.5,3999900,41.5
2015-10-14,40.61,42.17,39.38,42,5211800,42
2015-10-15,41.51,42.88,41,41.73,4410900,41.73
2015-10-16,41.7,43.68,40.43,41.75,4676100,41.75
2015-10-19,41.21,45.93,41.21,42.6,11459000,42.6
2015-10-20,43.65,44.59,41.4,41.94,8793800,41.94
2015-10-21,41.58,42.93,37.75,37.75,7791900,37.75
2015-10-22,36,37.68,35.02,37.15,7626100,37.15
2015-10-23,36.71,39.5,36.02,37.2,9940400,37.2
2015-10-26,37.4,38.35,37,37.5,5721900,37.5
2015-10-27,37,37.05,34.8,36.98,4803700,36.98
2015-10-28,36.6,38.22,35.81,35.82,4024900,35.82
2015-10-29,36.17,36.6,35,35.49,2980400,35.49
2015-10-30,35.15,36.39,34,34.84,4271400,34.84
2015-11-09,38.32,38.32,38.32,38.32,654200,38.32
2015-11-10,41.5,42.15,40.1,42.15,14508000,42.15
2015-11-11,41.51,43.5,41.4,42.35,11649800,42.35
2015-11-12,42.68,46.28,42.36,44.8,9012000,44.8
2015-11-13,44,44.47,42.05,42.52,5701400,42.52
2015-11-16,41.85,46.67,41.84,46,5908500,46
2015-11-17,45.97,46.98,44.66,44.93,4679000,44.93
2015-11-18,45.18,47.27,44.23,44.45,4691900,44.45
2015-11-19,44.5,46.28,43.53,46,3901400,46
2015-11-20,45.96,47.86,45.6,46.55,3728200,46.55
2015-11-23,47.35,47.85,45,45.75,3446700,45.75
2015-11-24,45.13,46.3,44.4,45,2552300,45
2015-11-25,44.65,48.9,44.53,48.52,4828700,48.52
2015-11-26,48.2,50.74,47.3,48.99,4687100,48.99
2015-11-27,48.58,49.87,44.09,44.1,4661800,44.1
2015-11-30,44.6,45.3,39.69,43.23,4821600,43.23
2015-12-01,42.65,46.38,41.81,44.44,4719500,44.44
2015-12-02,43.58,44.2,40.43,41.6,3240500,41.6
2015-12-03,42.01,42.98,40.03,42.3,3054600,42.3
2015-12-04,42.2,43.85,41.8,43.57,3159300,43.57
2015-12-07,43.51,43.99,42.78,43.5,2358400,43.5
2015-12-08,43.18,43.6,41.51,41.93,2759800,41.93
2015-12-09,42.06,42.5,41,41.96,2100400,41.96
2015-12-10,41.96,42.99,41.82,42.5,2492500,42.5
2015-12-11,42.78,42.78,40.5,40.89,2339500,40.89
2015-12-14,39.61,41.67,39.61,41.62,1616900,41.62
2015-12-15,42.4,43.85,42.4,43.15,2633300,43.15
2015-12-16,43.5,44.78,42.85,44.1,3129200,44.1
2015-12-17,44.8,44.8,43.99,44.3,2960500,44.3
2015-12-18,44.3,45.6,44.11,45.1,3085300,45.1
2015-12-21,44.92,45.7,44.26,45.4,2554100,45.4
2015-12-22,45.41,47.89,45.15,46.34,2970700,46.34
2015-12-23,46.35,47.5,44.84,44.88,2892800,44.88
2015-12-24,44.9,49.37,44.62,49.37,6687000,49.37
2015-12-25,49,49.75,48,48.52,4426400,48.52
2015-12-28,48.5,50.47,47.8,47.88,3450600,47.88
2015-12-29,47.98,49.5,47.25,49.49,2907500,49.49
2015-12-30,49.68,53.2,49.68,51.9,4047400,51.9
2015-12-31,51,51.76,47.8,47.8,5000400,47.8
2016-01-04,47.79,47.88,43.02,43.02,2384800,43.02
2016-01-05,40.01,42.5,38.8,40.65,3239600,40.65
2016-01-06,41,41.97,40.56,41.85,1669400,41.85
2016-01-07,40.9,40.9,37.67,37.67,682300,37.67
2016-01-08,38.1,39.5,34.12,37.5,2239700,37.5
2016-01-11,35.66,37.66,35.3,35.51,2021300,35.51
2016-01-12,35.95,38.59,35.52,38.11,2087100,38.11
2016-01-13,38.58,39.77,37,37.3,2380900,37.3
2016-01-14,36.8,39.39,35.61,38.66,1889100,38.66
2016-01-15,38.49,39.95,37.37,37.75,2198000,37.75
2016-01-18,36.98,39.05,36.06,38.5,1486300,38.5
2016-01-19,38.43,39.5,38.02,39.37,1482700,39.37
2016-01-20,39.05,39.37,37.22,38.18,1815500,38.18
2016-01-21,38.69,39.2,36.05,36.5,3300400,36.5
2016-01-22,36.72,37.12,34.88,35.89,1683800,35.89
2016-01-25,36.31,37.82,36.31,36.75,1236500,36.75
2016-01-26,36.3,37.25,34.16,34.51,1819800,34.51
2016-01-27,35,35.78,33.2,34.51,1549500,34.51
2016-01-28,34.58,35.3,34.01,34.42,1097600,34.42
2016-01-29,34.42,35.55,33.33,35.12,1496700,35.12
2016-02-01,35.15,35.44,34.57,34.65,1007500,34.65
2016-02-02,34.98,35.99,34.71,35.78,998700,35.78
2016-02-03,35.11,35.45,34.66,35.11,840400,35.11
2016-02-04,35.38,36.22,35.36,35.5,1319500,35.5
2016-02-05,35,36,34.81,35,797200,35
2016-02-15,33.63,34.84,33.05,34.65,779900,34.65
2016-02-16,34.8,35.88,34.75,35.71,1383600,35.71
2016-02-17,35.65,37.24,35.6,36.85,2020000,36.85
2016-02-18,37.39,39.7,37.38,37.75,2814800,37.75
2016-02-19,37.75,38.45,37,38.01,1318800,38.01
2016-02-22,38.9,39.2,38.15,38.95,1480600,38.95
2016-02-23,38.94,39,38.1,38.3,908200,38.3
2016-02-24,38.31,38.9,37.2,38.02,1465900,38.02
2016-02-25,37.28,37.97,34.22,34.51,1775100,34.51
2016-02-26,34.92,35.73,34.61,34.91,1780300,34.91
2016-02-29,34.87,35.34,32.63,32.68,1227100,32.68
2016-03-01,33,33.58,31.1,33.49,1361100,33.49
2016-03-02,33.51,36.79,33.5,36.69,2222400,36.69
2016-03-03,37,38.5,36.6,37.7,2583900,37.7
2016-03-04,37.89,37.89,35.4,36.57,1201100,36.57
2016-03-07,36.92,39.38,36.89,37.97,2022400,37.97
2016-03-08,38,39.11,36.8,39.05,2393700,39.05
2016-03-09,39.5,40.68,38.51,38.7,2750900,38.7
2016-03-10,39,39.73,37.79,39.09,2385200,39.09
2016-03-11,38.52,41.48,38.52,41.42,3452800,41.42
2016-03-14,41.98,43.35,41.42,42.9,3488500,42.9
2016-03-15,42.05,44.16,41.6,43.6,5241800,43.6
2016-03-16,43.46,44.57,42.11,43.61,4017800,43.61
2016-03-17,43,43.3,40.7,42.99,6496000,42.99
2016-03-18,42,44.72,42,44.44,4120300,44.44
2016-03-21,44,44.01,42.5,43.05,2559000,43.05
2016-03-22,42.84,42.85,41.62,42.45,2379500,42.45
2016-03-23,42.6,43.56,41.62,42.45,1627200,42.45
2016-03-24,41.77,42.4,40.73,41.87,1623100,41.87
2016-03-25,41.01,42.38,41.01,42.19,1219700,42.19
2016-03-28,42.19,42.8,40.6,40.9,1055700,40.9
2016-03-29,41,41.28,38.85,40.02,1246300,40.02
2016-03-30,40.03,40.96,39.6,40.69,1107400,40.69
2016-03-31,41,41.2,40.18,40.38,844700,40.38
2016-04-01,40.31,41.9,40.31,41.1,1389300,41.1
2016-04-05,41.1,42.24,40.62,41.8,1262900,41.8
2016-04-06,41.7,42,41,41.6,1160000,41.6
2016-04-07,41.44,41.44,40,40.5,1364400,40.5
2016-04-08,40.1,41,39.04,41,1699600,41
2016-04-11,41.11,41.97,40.52,41.5,1468700,41.5
2016-04-12,41.49,41.8,40.29,41.65,1761000,41.65
2016-04-13,41.6,42.49,41.06,42.14,1469100,42.14
2016-04-14,41.81,42.23,41.18,42.05,1118000,42.05
2016-04-15,41.7,42.48,41,41.9,1110300,41.9
2016-04-18,42.2,42.2,40.5,41.95,1090600,41.95
2016-04-19,41.89,44.87,41.35,43.74,2544100,43.74
2016-04-20,43.68,44.94,39.8,44.94,3797700,44.94
2016-04-21,44.67,47,43.9,44.58,3287400,44.58
2016-04-22,43.98,45.49,42.75,45.21,1721800,45.21
2016-04-25,45.2,45.52,43.5,45.52,1520100,45.52
2016-04-26,45,47.88,44.77,46.39,2475900,46.39
2016-04-27,46.45,46.99,45.18,45.22,1646500,45.22
2016-04-28,45.32,45.68,43.01,44.7,1778500,44.7
2016-04-29,44,45.4,43.38,45.4,1453400,45.4
2016-05-03,45.75,46.2,44.45,45.33,1275200,45.33
2016-05-04,45.32,46,44.82,45.03,1124800,45.03
2016-05-05,44.7,44.92,43.71,43.95,1701200,43.95
2016-05-06,43.99,44.44,41.57,41.57,1837000,41.57
2016-05-09,41.08,44,40.04,40.88,2567300,40.88
2016-05-10,40.87,40.87,39.66,39.83,1418000,39.83
2016-05-11,40.4,40.97,39.22,40.02,1314500,40.02
2016-05-12,39,39.5,37.85,39.21,1179800,39.21
2016-05-13,38.99,39.45,38.52,38.6,653600,38.6
2016-05-16,38.5,42.45,37.67,40.35,2417100,40.35
2016-05-17,40.13,40.35,39.1,39.31,1639900,39.31
2016-05-18,39.36,39.36,36.04,36.5,1890700,36.5
2016-05-19,37.49,37.49,36.23,36.43,1050000,36.43
2016-05-20,35.99,37.24,35.88,37.15,1576900,37.15
2016-05-23,37.15,38,36.47,36.81,2630400,36.81
2016-05-24,36.86,37.2,35.94,36.29,1718700,36.29
2016-05-25,36.46,36.78,35.93,36.2,1059100,36.2
2016-05-26,36.19,36.74,35.01,36.73,1394600,36.73
2016-05-27,36.48,36.94,36.13,36.42,1132300,36.42
2016-05-30,36.42,36.75,35.85,36.41,994500,36.41
2016-05-31,36.31,38.11,36.31,37.81,1864500,37.81
2016-06-01,37.6,38.24,37.6,37.84,1655400,37.84
2016-06-02,38.13,38.13,37.51,37.81,1479200,37.81
2016-06-03,37.93,39.26,37.9,39.2,2335000,39.2
2016-06-06,39.2,39.88,37.95,38.38,2278200,38.38
2016-06-07,38.37,39.19,37.8,39.01,2151600,39.01
2016-06-08,38.83,39.01,37.95,38.21,1750900,38.21
2016-06-13,37.8,37.94,36.12,36.4,1525800,36.4
2016-06-14,36.29,36.65,36,36.45,736800,36.45
2016-06-15,36.34,37.99,36,37.29,1487700,37.29
2016-06-16,37.5,38.09,37.03,37.43,1331200,37.43
2016-06-17,37.58,38.5,37.25,37.9,1366300,37.9
2016-06-20,37.99,37.99,37.21,37.72,1193600,37.72
2016-06-21,37.72,37.95,37.38,37.48,1009000,37.48
2016-06-22,37.68,38.2,37.49,38.2,1188300,38.2
2016-06-23,38,40.39,37.83,40.02,3279600,40.02
2016-06-24,39.7,41.8,37.45,40.68,3477700,40.68
2016-06-27,40.17,42.5,40.08,41.9,3119500,41.9
2016-06-28,41.56,42.38,41.31,41.63,2484400,41.63
2016-06-29,41.65,42.33,41.5,42.26,2380500,42.26
2016-06-30,42.1,42.48,41.35,41.54,1753900,41.54
2016-07-01,41.62,42.26,41.4,41.75,1253000,41.75
2016-07-04,41.5,42.1,41.29,42.1,1957600,42.1
2016-07-05,42.28,42.66,41.85,42.11,1688600,42.11
2016-07-06,41.86,42.22,41.63,42.1,1398300,42.1
2016-07-07,42.3,43.68,42.3,42.98,2840700,42.98
2016-07-08,43.01,43.5,42.68,42.98,1942100,42.98
2016-07-11,43.19,43.35,41.25,41.33,2296500,41.33
2016-07-12,41.19,41.3,39.81,40.92,2454000,40.92
2016-07-13,40.5,41.82,40.5,41.73,1849800,41.73
2016-07-14,41.51,41.97,41.39,41.58,1288600,41.58
2016-07-15,41.78,41.94,41.01,41.59,1112900,41.59
2016-07-18,41.59,43.88,41.01,43.68,4141200,43.68
2016-07-19,45,47.39,45,45.39,7961400,45.39
2016-07-20,44.69,45.67,44,44.33,3877900,44.33
2016-07-21,44.34,46.46,44.1,45.22,5159200,45.22
2016-07-22,22,22.5,21.01,21.03,8567400,21.03
2016-07-25,21.03,21.8,20.88,21.19,5531700,21.19
2016-07-26,21.21,21.51,20.66,20.88,5733500,20.88
2016-07-27,20.8,21.24,18.87,18.91,7660100,18.91
2016-07-28,18.91,19.3,18.18,18.67,4530400,18.67
2016-07-29,18.86,19.1,18.54,18.79,3811900,18.79
2016-08-01,18.6,18.9,18,18.77,3570700,18.77
2016-08-02,18.59,18.98,18.48,18.89,1999800,18.89
2016-08-03,18.8,19.17,18.73,19.07,2422200,19.07
2016-08-04,18.91,19.2,18.5,19.03,2407100,19.03
2016-08-05,19.11,19.15,18.63,18.66,1856700,18.66
2016-08-08,18.6,19.1,18.21,19.03,2942200,19.03
2016-08-09,19.23,19.43,19.06,19.1,2540900,19.1
2016-08-10,19.19,19.27,18.95,19.06,2017100,19.06
2016-08-11,19.07,19.13,18.5,18.57,2498400,18.57
2016-08-12,18.49,18.88,18.41,18.76,1890100,18.76
2016-08-15,18.89,19.13,18.48,19.01,3799000,19.01
2016-08-16,19.16,19.25,18.99,19.2,2909000,19.2
2016-08-17,19.2,20.29,19.06,19.99,6439700,19.99
2016-08-18,19.99,21.12,19.9,20.38,5856700,20.38
2016-08-19,20.4,20.46,19.85,20.22,3400700,20.22
2016-08-22,20.34,20.68,19.92,19.93,2762300,19.93
2016-08-23,19.9,20.09,19.49,19.68,2072300,19.68
2016-08-24,19.68,19.88,19.52,19.66,1905000,19.66
2016-08-25,19.67,19.67,19.13,19.34,2274500,19.34
2016-08-26,19.46,19.58,19.33,19.48,1925300,19.48
2016-08-29,19.5,20.05,19.21,19.79,2631300,19.79
2016-08-30,19.84,19.95,19.52,19.55,1635800,19.55
2016-08-31,19.78,19.86,19.55,19.74,1626700,19.74
2016-09-01,19.74,19.83,19.38,19.38,1452100,19.38
2016-09-02,19.58,19.58,19,19.16,1303300,19.16
2016-09-05,19.17,19.45,19.1,19.22,1496200,19.22
2016-09-06,19.37,19.56,19.08,19.45,1858000,19.45
2016-09-07,19.44,19.65,19.25,19.62,2211400,19.62
2016-09-08,19.57,21.56,19.38,21.11,4986800,21.11
2016-09-09,20.56,20.99,20.25,20.36,5070200,20.36
2016-09-12,20,20.12,19.48,19.49,3427700,19.49
2016-09-13,19.5,19.78,19.46,19.55,1622100,19.55
2016-09-14,19.4,19.48,19,19.19,1712700,19.19
2016-09-19,19.23,19.48,19.19,19.2,1170300,19.2
2016-09-20,19.16,19.37,19.16,19.22,1026300,19.22
2016-09-21,19.29,19.35,19.18,19.24,1037300,19.24
2016-09-22,19.3,19.96,19.3,19.82,2654500,19.82
2016-09-23,19.8,20.8,19.61,20.32,3959600,20.32
2016-09-26,20.27,20.27,19.32,19.45,3045400,19.45
2016-09-27,19.16,19.55,19.16,19.46,1608600,19.46
2016-09-28,19.46,19.68,19.22,19.25,1344400,19.25
2016-09-29,19.26,19.51,19.22,19.24,1040700,19.24
2016-09-30,19.28,19.45,19.23,19.35,1037100,19.35
2016-10-10,19.6,19.77,19.4,19.74,1668400,19.74
2016-10-11,19.86,19.96,19.6,19.74,1658200,19.74
2016-10-12,19.7,19.87,19.53,19.7,1506000,19.7
2016-10-13,19.78,19.84,19.61,19.62,1361500,19.62
2016-10-14,19.62,19.88,19.24,19.84,3171800,19.84
2016-10-17,19.83,19.85,19.41,19.41,1780600,19.41
2016-10-18,19.42,19.69,19.37,19.6,1347300,19.6
2016-10-19,19.58,19.68,19.41,19.51,1260300,19.51
2016-10-20,19.74,19.76,19.5,19.66,1582000,19.66
2016-10-21,19.67,20.18,19.66,20.09,5465900,20.09
2016-10-24,20.03,20.56,19.95,19.95,3522000,19.95
2016-10-25,19.92,20.37,19.75,20.28,2734500,20.28
2016-10-26,20.3,20.33,19.83,20,1894200,20
2016-10-27,20.24,20.29,19.8,19.99,1598600,19.99
2016-10-28,19.92,20.18,19.7,19.73,2173800,19.73
2016-10-31,19.58,19.82,19.42,19.72,1532900,19.72
2016-11-01,19.77,19.89,19.62,19.8,1770700,19.8
2016-11-02,19.76,20.35,19.7,20.04,3215700,20.04
2016-11-03,19.85,20.16,19.79,19.91,2539200,19.91
2016-11-04,19.9,20.06,19.74,20.06,2066300,20.06
2016-11-07,20.05,20.54,19.8,20.48,5093900,20.48
2016-11-08,20.5,21.69,20.3,21.23,10251900,21.23
2016-11-09,21.23,21.23,20.38,20.7,6164300,20.7
2016-11-10,20.78,20.98,20.5,20.8,3862600,20.8
2016-11-11,20.89,20.9,20.45,20.63,3203100,20.63
2016-11-14,20.45,20.77,20.35,20.42,3030600,20.42
2016-11-15,20.42,20.69,20.28,20.49,2371000,20.49
2016-11-16,20.49,20.89,20.39,20.7,3529600,20.7
2016-11-17,20.7,20.89,20.45,20.6,3427300,20.6
2016-11-18,20.6,20.6,20.3,20.38,2164500,20.38
2016-11-21,20.45,20.8,20.22,20.78,3082200,20.78
2016-11-22,20.67,20.87,20.53,20.63,2540100,20.63
2016-11-23,20.84,20.88,20.38,20.4,2099400,20.4
2016-11-24,20.38,20.38,19.93,19.94,2925400,19.94
2016-11-25,19.94,20.1,19.63,19.98,2016600,19.98
2016-11-28,20.19,20.25,19.7,19.79,1766300,19.79
2016-11-29,19.8,19.93,19.45,19.48,2465400,19.48
2016-11-30,19.48,19.48,19.11,19.21,1731700,19.21
2016-12-01,19.3,19.49,19.11,19.29,1818800,19.29
2016-12-02,19.24,19.3,18.91,19,1708700,19
2016-12-05,18.81,19.1,18.72,19.05,830700,19.05
2016-12-06,19.1,19.25,19.02,19.16,800500,19.16
2016-12-07,19.21,19.26,19.05,19.18,872600,19.18
2016-12-08,19.23,19.29,19.02,19.02,991100,19.02
2016-12-09,19.04,19.1,18.85,18.89,1055200,18.89
2016-12-12,18.89,19,17.27,17.27,3244900,17.27
2016-12-13,17.26,17.65,17.19,17.28,2024000,17.28
2016-12-14,17.28,17.38,17.13,17.3,1285600,17.3
2016-12-15,17.35,17.64,17.23,17.44,1089100,17.44
2016-12-16,17.58,17.62,17.28,17.55,1172400,17.55
2016-12-19,17.53,19.25,17.37,18.63,3201500,18.63
2016-12-20,18.33,18.58,18.03,18.15,1847600,18.15
2016-12-21,18.05,18.68,18.05,18.31,1957300,18.31
2016-12-22,18.31,18.42,18.2,18.23,855800,18.23
2016-12-23,18.23,18.5,17.68,17.72,1039200,17.72
2016-12-26,17.72,17.72,17.2,17.58,911100,17.58
2016-12-27,17.58,17.69,17.35,17.37,873600,17.37
2016-12-28,17.4,17.57,17.25,17.25,1063400,17.25
2016-12-29,17.25,17.42,17.2,17.2,854600,17.2
2016-12-30,17.19,17.35,17.19,17.3,658800,17.3
2017-01-03,17.38,17.56,17.3,17.43,957200,17.43
2017-01-04,17.52,17.54,17.2,17.37,1670000,17.37
2017-01-05,17.6,17.6,17.32,17.39,1542900,17.39
2017-01-06,17.26,17.45,17.2,17.22,1231700,17.22
2017-01-09,17.33,17.43,17.24,17.4,1158800,17.4
2017-01-10,17.41,17.52,17.26,17.3,1147900,17.3
2017-01-11,17.3,17.38,17.06,17.07,1197000,17.07
2017-01-12,17.07,17.17,17,17.03,658600,17.03
2017-01-13,17.04,17.04,16.47,16.69,928200,16.69
2017-01-16,16.51,16.89,15.62,16.41,1771300,16.41
2017-01-17,16.4,16.72,16.03,16.66,1448100,16.66
2017-01-18,16.53,16.66,16.17,16.3,993900,16.3
2017-01-19,16.3,16.38,16.06,16.1,647000,16.1
2017-01-20,16.3,17.5,16.1,16.75,1554600,16.75
2017-01-23,16.71,17.19,16.58,17.03,1074300,17.03
2017-01-24,17.19,17.19,16.55,16.6,1344100,16.6
2017-01-25,16.43,16.8,16.43,16.59,900100,16.59
2017-01-26,16.63,16.7,16.49,16.51,753200,16.51
2017-02-03,16.6,16.6,16.15,16.25,762600,16.25
2017-02-06,16.39,16.39,15.95,16.05,2698800,16.05
2017-02-07,16.05,16.11,15.62,15.78,4313500,15.78
2017-02-08,15.91,15.98,15.51,15.65,8209300,15.65
2017-02-09,15.63,15.99,15.57,15.91,5115200,15.91
2017-02-10,15.95,15.95,15.72,15.78,3348500,15.78
2017-02-13,15.81,16.03,15.81,16,5028200,16
2017-02-14,16.06,16.07,15.83,15.92,3680800,15.92
2017-02-15,15.82,15.99,15.75,15.79,3533600,15.79
2017-02-16,15.68,15.78,15.5,15.6,4582800,15.6
2017-02-17,15.53,15.64,15.24,15.29,4126300,15.29
2017-02-20,15.3,15.48,15.27,15.39,3659300,15.39
2017-02-21,15.44,15.6,15.34,15.58,4978800,15.58
2017-02-22,15.58,15.68,15.47,15.58,3871300,15.58
2017-02-23,15.58,15.82,15.45,15.77,8636700,15.77
2017-02-24,15.74,15.84,15.63,15.84,4614000,15.84
2017-02-27,15.84,15.86,15.68,15.75,3633300,15.75
2017-02-28,15.75,15.75,15.43,15.45,5491500,15.45
2017-03-01,15.51,16.48,15.51,16.2,27523200,16.2
2017-03-02,16.19,16.45,16.06,16.36,14838700,16.36
2017-03-03,16.36,16.43,16.2,16.27,8618100,16.27
2017-03-06,16.25,16.77,16.23,16.44,10683100,16.44
2017-03-07,16.45,16.67,16.41,16.62,6077200,16.62
2017-03-08,16.6,16.81,16.3,16.42,9102500,16.42
2017-03-09,16.35,16.41,15.98,16.21,7191900,16.21
2017-03-10,16.2,16.5,16.1,16.22,3062400,16.22
2017-03-13,16.21,16.46,16,16.39,4789600,16.39
2017-03-14,16.44,16.45,16.17,16.41,4191200,16.41
2017-03-15,16.35,16.9,16.24,16.78,8407400,16.78
2017-03-16,16.73,16.89,16.63,16.78,5990000,16.78
2017-03-17,16.78,16.79,16.38,16.4,5700900,16.4
2017-03-20,16.4,16.56,16.3,16.54,2963300,16.54
2017-03-21,16.54,16.8,16.54,16.75,3689500,16.75
2017-03-22,16.68,16.68,16.12,16.31,7613800,16.31
2017-03-23,16.22,16.39,16.08,16.3,3840000,16.3
2017-03-24,16.29,16.58,16.21,16.54,3464300,16.54
2017-03-27,16.65,16.79,16.54,16.6,5061500,16.6
2017-03-28,16.6,16.65,16.27,16.31,3313900,16.31
2017-03-29,16.35,16.45,16.05,16.05,3835300,16.05
2017-03-30,16.08,16.15,15.61,15.64,4908400,15.64
2017-03-31,15.8,15.96,15.5,15.65,3004300,15.65
2017-04-05,15.75,16.19,15.71,16.16,3197500,16.16
2017-04-06,16.15,16.32,16.1,16.2,2347300,16.2
2017-04-07,16.25,16.79,16.25,16.7,8543500,16.7
2017-04-10,16.69,16.8,16.37,16.79,5035000,16.79
2017-04-11,16.79,17.15,16.59,16.87,7217500,16.87
2017-04-12,16.87,17.18,16.67,16.87,4501300,16.87
2017-04-13,16.85,17.09,16.73,16.95,2734300,16.95
2017-04-14,16.96,17,16.52,16.6,3164200,16.6
2017-04-17,16.75,16.78,16.35,16.53,3715800,16.53
2017-04-18,16.8,16.84,16.56,16.58,2994800,16.58
2017-04-19,16.58,16.6,16.1,16.3,2896200,16.3
2017-04-20,16.27,17.15,16.27,17.1,7226400,17.1
2017-04-21,17.04,17.35,16.91,17.27,6637900,17.27
2017-04-24,17.28,17.4,16,16.77,5710900,16.77
2017-04-25,16.6,17.88,16.6,17.59,9618000,17.59
2017-04-26,17.55,17.71,17.2,17.67,6356900,17.67
2017-04-27,17.6,17.9,17.41,17.86,6914000,17.86
2017-04-28,17.9,17.98,17.58,17.69,3676300,17.69
2017-05-02,17.68,17.68,17,17.38,7425900,17.38
2017-05-03,17.25,17.46,17.1,17.17,3125900,17.17
2017-05-04,17.1,17.4,16.9,17.25,3850000,17.25
2017-05-05,17.25,17.26,16.78,16.81,4490900,16.81
2017-05-08,16.8,17.06,16.52,16.9,3254500,16.9
2017-05-09,16.8,17.25,16.72,17.2,2946200,17.2
2017-05-10,17.28,17.48,16.88,16.95,4061400,16.95
2017-05-11,16.9,17,16.17,16.92,3961000,16.92
2017-05-12,16.72,16.85,16.62,16.72,1922100,16.72
2017-05-15,16.69,17.01,16.53,16.69,2227600,16.69
2017-05-16,16.66,17.08,16.66,17.03,3528200,17.03
2017-05-17,17.02,17.44,16.92,17.07,4149200,17.07
2017-05-18,16.92,17.15,16.81,16.83,2106900,16.83
2017-05-19,16.79,16.92,16.67,16.77,1611900,16.77
2017-05-22,16.77,16.77,15.58,15.86,5745000,15.86
2017-05-23,15.7,16.04,15.25,15.3,6282200,15.3
2017-05-24,15.15,15.19,13.79,14.28,11620100,14.28
2017-05-25,14.59,14.59,13.8,14.45,6276100,14.45
2017-05-26,14.4,14.55,14.28,14.4,3759400,14.4
2017-05-31,14.56,14.64,14.08,14.12,4385900,14.12
2017-06-01,14,14.26,13.93,14.04,2858800,14.04
2017-06-02,14,14.35,13.8,14.25,5189200,14.25
2017-06-05,14.28,14.53,14.28,14.44,2407100,14.44
2017-06-06,14.45,14.56,14.34,14.5,1873700,14.5
2017-06-07,14.5,15.22,14.47,15.04,3183800,15.04
2017-06-08,15,15.22,14.8,14.83,1870500,14.83
2017-06-09,14.83,15.12,14.68,15.1,2739000,15.1
2017-06-12,14.96,15.3,14.95,15.14,2635700,15.14
2017-06-13,14.7,14.92,14.7,14.81,2067900,14.81
2017-06-14,14.81,15,14.53,14.53,1931600,14.53
2017-06-15,14.44,14.85,14.37,14.71,1428300,14.71
2017-06-16,14.71,14.82,14.59,14.74,1091300,14.74
2017-06-19,14.74,14.9,14.68,14.8,1148100,14.8
2017-06-20,14.86,14.92,14.74,14.75,1281700,14.75
2017-06-21,14.75,14.85,14.62,14.72,1393900,14.72
2017-06-22,14.68,14.72,14.46,14.46,1513900,14.46
2017-06-23,14.42,14.44,14.18,14.24,2374800,14.24
2017-06-26,14.21,14.5,14.21,14.45,1534200,14.45
2017-06-27,14.46,14.81,14.35,14.72,2049600,14.72
2017-06-28,14.66,14.8,14.52,14.78,1350200,14.78
2017-06-29,14.78,14.88,14.67,14.78,1378500,14.78
2017-06-30,14.72,15.3,14.67,15.29,3479200,15.29
2017-07-03,15.3,15.62,15.22,15.35,3067100,15.35
2017-07-04,15.36,15.47,15.13,15.37,1999500,15.37
2017-07-05,15.26,15.37,14.92,15.1,3092800,15.1
2017-07-06,15.15,15.18,14.93,15.09,1854400,15.09
2017-07-07,15.09,15.1,14.93,15.07,1494700,15.07
2017-07-10,15.06,15.09,14.84,14.91,2662700,14.91
2017-07-11,14.88,14.88,14.71,14.71,1840100,14.71
2017-07-12,14.71,14.71,14.24,14.58,2367300,14.58
2017-07-13,14.57,14.65,14.46,14.52,1465900,14.52
2017-07-14,14.65,14.65,14.26,14.49,1972900,14.49
2017-07-17,14.38,14.38,13.04,13.06,4622400,13.06
2017-07-18,13.2,13.52,13.11,13.5,2812400,13.5
2017-07-19,13.55,13.77,13.3,13.61,2067400,13.61
2017-07-20,13.6,13.74,13.4,13.49,1811000,13.49
2017-07-21,13.2,13.44,12.14,12.91,8959300,12.91
2017-07-24,12.84,13.04,12.62,13.03,3673500,13.03
2017-07-25,13.03,13.36,12.95,13.19,2825400,13.19
2017-07-26,13.2,13.31,12.84,12.92,2936300,12.92
2017-07-27,12.72,13.21,12.72,13.16,2145900,13.16
2017-07-28,13.02,13.3,12.95,12.97,2647700,12.97
2017-07-31,12.93,13.23,12.84,13.08,2683500,13.08
2017-08-01,13.25,13.37,13.08,13.3,3397600,13.3
2017-08-02,13.26,13.45,13.08,13.14,2216600,13.14
2017-08-03,13.1,13.27,12.92,13.27,2284200,13.27
2017-08-04,13.2,13.25,13.07,13.15,1427000,13.15
2017-08-07,13.3,14.43,13.3,14.05,10207700,14.05
2017-08-08,14.1,14.39,14.01,14.13,7116600,14.13
2017-08-09,14.14,14.27,13.72,13.91,3923100,13.91
2017-08-10,13.81,13.89,13.53,13.58,3764100,13.58
2017-08-11,13.49,13.81,13.42,13.58,3201800,13.58
2017-08-14,13.52,13.86,13.52,13.83,1924900,13.83
2017-08-15,13.85,14.08,13.85,13.98,1785300,13.98
2017-08-16,14,14.12,13.89,14.09,2421500,14.09
2017-08-17,14.08,14.45,14.02,14.4,3359700,14.4
2017-08-18,15.01,15.11,14.48,14.48,7402100,14.48
2017-08-21,14.58,14.58,14.1,14.34,6806500,14.34
2017-08-22,14.18,14.56,14.17,14.49,4206000,14.49
2017-08-23,14.47,14.77,14.31,14.69,3865100,14.69
2017-08-24,14.59,14.73,14,14.2,3176000,14.2
2017-08-25,14.25,14.47,14.18,14.33,2570300,14.33
2017-08-28,14.35,14.56,14.23,14.47,2685400,14.47
2017-08-29,14.47,14.55,14.32,14.4,2305000,14.4
2017-08-30,14.41,14.56,14.17,14.22,3231900,14.22
2017-08-31,14.28,14.54,14.27,14.54,3687200,14.54
2017-09-01,14.47,14.9,14.47,14.81,4426800,14.81
2017-09-04,14.8,15,14.66,14.8,3209400,14.8
2017-09-05,14.73,14.8,14.64,14.67,2242200,14.67
2017-09-06,14.7,14.95,14.65,14.9,4111000,14.9
2017-09-07,14.8,15.5,14.77,15.35,8897300,15.35
2017-09-08,15.88,16.89,15.86,16.89,32636600,16.89
2017-09-11,16.5,16.53,15.77,16.05,29030200,16.05
2017-09-12,15.85,16.17,15.7,15.9,11846500,15.9
2017-09-13,15.88,16.13,15.63,16.01,10033900,16.01
2017-09-14,15.95,15.96,15.6,15.69,9200400,15.69
2017-09-15,15.69,15.98,15.58,15.73,7098100,15.73
2017-09-18,15.73,16.02,15.52,16,7358600,16
2017-09-19,16,16.09,15.81,16.09,8143800,16.09
2017-09-20,16.11,16.16,15.77,15.87,6361900,15.87
2017-09-21,15.82,15.93,15.5,15.53,7025700,15.53
2017-09-22,15.53,15.59,15.39,15.48,3561200,15.48
2017-09-25,15.49,15.71,15.42,15.65,4559400,15.65
2017-09-26,15.57,15.66,15.08,15.08,5580500,15.08
2017-09-27,15.09,15.22,14.76,14.95,4827400,14.95
2017-09-28,14.93,14.93,14.76,14.86,2999300,14.86
2017-09-29,14.87,15.29,14.86,15.27,4673000,15.27
2017-10-09,15.33,15.35,14.92,15.01,6843100,15.01
2017-10-10,15.02,15.56,14.95,15.5,8995800,15.5
2017-10-11,15.51,15.74,15.32,15.5,7594700,15.5
2017-10-12,15.5,15.75,15.35,15.57,5130700,15.57
2017-10-13,15.5,15.67,15.38,15.63,3684000,15.63
2017-10-16,15.62,15.73,15.18,15.18,4966200,15.18
2017-10-17,15.18,15.22,15.04,15.2,3275200,15.2
2017-10-18,15.2,15.28,15.07,15.09,2648600,15.09
2017-10-19,15.12,15.23,15.02,15.11,2537000,15.11
2017-10-20,15.02,15.15,14.83,15.1,2333000,15.1
2017-10-23,15.14,15.76,15.13,15.73,6251700,15.73
2017-10-24,15.76,15.83,15.39,15.65,4639000,15.65
2017-10-25,15.61,16.2,15.61,16.06,9219400,16.06
2017-10-26,15.7,15.9,15.55,15.86,8774500,15.86
2017-10-27,15.76,15.85,15.51,15.64,4572300,15.64
2017-10-30,15.5,15.63,14.83,14.99,6131200,14.99
2017-10-31,14.96,15.1,14.9,15.05,3155500,15.05
2017-11-01,15.13,15.13,14.8,14.83,4482200,14.83
2017-11-02,14.83,14.84,14.26,14.5,6837200,14.5
2017-11-03,14.5,14.54,14.05,14.25,5844900,14.25
2017-11-06,13.29,14.24,13.29,14.12,6378500,14.12
2017-11-07,14.05,14.36,13.86,14.17,2780300,14.17
2017-11-08,14.07,14.27,14.05,14.2,1789900,14.2
2017-11-09,14.14,14.35,14.14,14.32,1403500,14.32
2017-11-10,14.33,14.33,13.94,14.17,2857500,14.17
2017-11-13,14.17,14.2,13.96,13.97,2623000,13.97
2017-11-14,13.96,13.96,13.66,13.7,3150400,13.7
2017-11-15,13.71,13.96,13.7,13.84,1893800,13.84
2017-11-16,13.75,13.96,13.63,13.94,1597900,13.94
2017-11-17,14.09,14.09,13.64,13.75,2572600,13.75
2017-11-20,13.72,13.85,13.33,13.77,1761700,13.77
2017-11-21,13.78,13.87,13.7,13.79,1310500,13.79
2017-11-22,13.81,13.95,13.7,13.94,1904600,13.94
2017-11-23,13.92,14.19,13.84,14.12,2955600,14.12
2017-11-24,14.08,14.13,13.68,13.82,1927900,13.82
2017-11-27,13.78,14.07,13.55,13.96,1853300,13.96
2017-11-28,13.97,14.05,13.71,14.02,1466100,14.02
2017-11-29,14.02,14.09,13.89,14.06,1506300,14.06
2017-11-30,14.06,14.22,13.87,13.94,1739500,13.94
2017-12-01,13.96,14.03,13.82,13.92,1420100,13.92
2017-12-04,13.86,14.05,13.71,13.84,1696200,13.84
2017-12-05,13.78,13.87,13.58,13.65,2748100,13.65
2017-12-06,13.58,13.78,13.51,13.7,1117800,13.7
2017-12-07,13.75,13.84,13.65,13.8,1030700,13.8
2017-12-08,13.79,14.11,13.74,13.96,1654700,13.96
2017-12-11,13.89,15,13.88,14.49,4001700,14.49
2017-12-12,14.53,14.59,14.23,14.29,2042200,14.29
2017-12-13,14.23,14.38,14.21,14.26,1103000,14.26
2017-12-14,14.24,14.53,14.23,14.43,1627800,14.43
2017-12-15,14.34,14.8,14.28,14.64,2673700,14.64
2017-12-18,14.74,14.74,14.41,14.45,1461100,14.45
2017-12-19,14.41,14.6,14.4,14.44,1605100,14.44
2017-12-20,14.28,14.39,14.1,14.29,2543100,14.29
2017-12-21,14.29,15.1,14.2,14.67,4649100,14.67
2017-12-22,14.52,14.73,14.41,14.52,2439000,14.52
2017-12-25,14.52,14.53,14.1,14.19,2179200,14.19
2017-12-26,14.12,14.38,14.1,14.23,1492900,14.23
2017-12-27,14.3,14.47,14.2,14.26,1506400,14.26
2017-12-28,14.2,14.25,13.9,14.1,2073800,14.1
2017-12-29,14,14.38,13.91,14.38,1496800,14.38
2018-01-02,14.3,14.42,14.24,14.39,1514300,14.39
2018-01-03,14.2,14.45,14.08,14.39,2061900,14.39
2018-01-04,14.39,14.71,14.27,14.67,3596900,14.67
2018-01-05,14.64,14.75,14.52,14.73,2081500,14.73
2018-01-08,14.73,15.09,14.58,14.62,4206200,14.62
2018-01-09,14.56,14.9,14.41,14.68,3954400,14.68
2018-01-10,14.68,15.05,14.68,14.94,5061100,14.94
2018-01-11,14.96,15,14.75,14.91,3311100,14.91
2018-01-12,14.85,14.88,14.65,14.72,2307900,14.72
2018-01-15,14.85,15.08,14.57,14.67,4849400,14.67
2018-01-16,14.48,14.63,14.06,14.29,4821000,14.29
2018-01-17,14.29,14.33,13.8,14,3263700,14
2018-01-18,13.98,14.04,13.84,13.97,1424700,13.97
2018-01-19,13.97,14.13,13.88,14.02,1375600,14.02
2018-01-22,14.02,14.12,13.96,14.12,1556900,14.12
2018-01-23,14.17,14.19,13.86,13.96,2351000,13.96
2018-01-24,13.86,13.95,13.71,13.91,2591400,13.91
2018-01-25,13.91,13.97,13.84,13.9,1748200,13.9
2018-01-26,13.98,13.99,13.67,13.82,3679700,13.82
2018-01-29,13.76,13.8,13.45,13.58,4175500,13.58
2018-01-30,13.51,13.58,13.4,13.48,1630700,13.48
2018-01-31,13.48,13.53,13.16,13.34,1785100,13.34
2018-02-01,13.3,13.45,12.97,13.05,2381500,13.05
2018-02-02,13.1,13.13,12.8,13.06,1667000,13.06
2018-02-05,12.89,13.09,12.88,13.09,1163400,13.09
2018-02-06,12.85,12.9,12.31,12.6,2257000,12.6
2018-02-07,12.63,13.18,12.02,12.95,3023300,12.95
2018-02-08,12.68,13.19,12.6,13.01,2546600,13.01
2018-02-09,12.62,12.84,12.32,12.39,2127800,12.39
2018-02-12,12.39,12.6,12.39,12.45,2059700,12.45
2018-02-13,12.48,12.67,12.28,12.3,1975100,12.3
2018-02-14,12.38,12.5,12.3,12.41,1797600,12.41
2018-02-22,12.45,12.55,12.35,12.5,2937600,12.5
2018-02-23,12.44,13.12,12.4,12.93,3627800,12.93
2018-02-26,12.9,13.25,12.82,13.18,3498900,13.18
2018-02-27,13.36,13.4,13.12,13.18,2886900,13.18
2018-02-28,13.1,13.32,13.03,13.19,2685200,13.19
2018-03-01,13.23,13.68,13.19,13.55,3048200,13.55
2018-03-02,13.48,14.44,13.43,14.43,12677300,14.43
2018-03-05,14.42,14.99,14.33,14.87,12062400,14.87
2018-03-06,14.84,16.36,14.84,16.2,34676900,16.2
2018-03-07,16.4,17,16,16.36,21002700,16.36
2018-03-08,16.2,17.34,16.2,16.79,18026100,16.79
2018-03-09,16.96,16.96,16.25,16.8,13208100,16.8
2018-03-12,16.92,18,16.92,17.25,13405100,17.25
2018-03-13,17.28,17.5,16.7,16.88,13570500,16.88
2018-03-14,17,17.56,16.84,16.9,11883300,16.9
2018-03-15,17.04,17.47,16.57,16.97,7871900,16.97
2018-03-16,16.96,17.88,16.96,17.65,15438900,17.65
2018-03-19,17.66,19.42,17.5,18.98,23585300,18.98
2018-03-20,18.78,19.76,18.65,19.44,23503200,19.44
2018-03-21,19.3,19.62,18.71,18.92,17161600,18.92
2018-03-22,18.8,18.98,18.16,18.74,11147900,18.74
2018-03-23,18.23,19.47,18.1,18.37,18125100,18.37
2018-03-26,18.4,19.1,17.62,18.69,11904800,18.69
2018-03-27,18.66,19.99,18.61,19.47,14903800,19.47
2018-03-28,19.29,19.75,19.01,19.38,9162500,19.38
2018-03-29,19.57,19.57,17.44,18.01,20066100,18.01
2018-03-30,18.15,19.69,18.13,19.25,15004200,19.25
2018-04-02,19.18,20.25,19.18,19.2,19852000,19.2
2018-04-03,19.16,19.89,18.89,19.43,13140500,19.43
2018-04-04,19.75,20.26,19.33,19.65,14700000,19.65
2018-04-09,19.68,20.01,18.86,19.04,12727400,19.04
2018-04-10,19.17,19.55,18.7,19.47,8933700,19.47
2018-04-11,20.8,21.42,20.25,21.42,23186100,21.42
2018-04-12,21.51,23.5,21.21,22.95,24031500,22.95
2018-04-13,22.75,23.49,22.32,22.73,19201700,22.73
2018-04-16,22.65,23.15,22.07,23,12626600,23
2018-04-17,23.13,23.32,21.67,22.07,11591600,22.07
2018-04-18,22.16,22.37,21.42,22.28,12694700,22.28
2018-04-19,22.01,22.33,21.74,21.9,10273800,21.9
2018-04-20,21.71,21.73,20.32,20.46,16635800,20.46
2018-04-23,20.65,21.14,20.6,20.87,11938300,20.87
2018-04-24,20.93,21.68,20.9,21.65,12018800,21.65
2018-04-25,21.73,23.71,21.5,23.25,18611500,23.25
2018-04-26,23.75,24.38,22.66,22.95,16522000,22.95
2018-04-27,23.46,24.6,22.62,24,15711000,24
2018-05-02,24.1,25.23,24,24.75,12695500,24.75
2018-05-03,24.51,24.79,23.73,24.39,10848300,24.39
2018-05-04,24,26.28,23.83,26.09,16639800,26.09
2018-05-07,25.97,27.33,25.81,26.74,17600200,26.74
2018-05-08,26.49,27.01,25.94,26.4,9706000,26.4
2018-05-09,26.25,27.53,25.84,27.26,10838300,27.26
2018-05-10,27.3,29.35,26.83,28.95,14829900,28.95
2018-05-11,28.79,29.99,26.5,27.21,22334500,27.21
2018-05-14,27.2,28.53,26.2,27.88,16368900,27.88
2018-05-15,27.25,28.29,26.82,27.7,15023000,27.7
2018-05-16,27.9,28.64,27.28,27.72,15269100,27.72
2018-05-17,27.35,27.39,25.91,26.28,19273800,26.28
2018-05-18,26.3,26.58,25.65,26.49,13067000,26.49
2018-05-21,26.5,26.5,25.64,26.1,13880100,26.1
2018-05-22,26.2,27.24,26.06,27.15,18323600,27.15
2018-05-23,27.02,27.53,26.42,26.65,11539100,26.65
2018-05-24,26.45,26.79,25.38,26.55,10772200,26.55
2018-05-25,26.3,27.08,25.88,26.77,10908800,26.77
2018-05-28,26.69,26.7,25.73,26.15,9972900,26.15
2018-05-29,26.2,27.12,25.5,25.56,16659000,25.56
2018-05-30,24.42,25.31,24,24.33,19789100,24.33
2018-05-31,24.65,24.95,24.08,24.73,13655700,24.73
2018-06-01,24.68,24.9,22.61,23.2,19320000,23.2
2018-06-04,23.41,23.79,22.9,23.5,8301600,23.5
2018-06-05,23.77,24.68,23.61,24.4,10973400,24.4
2018-06-06,24.14,25.55,24.14,25.37,13122700,25.37
2018-06-07,25.3,25.3,24.28,24.73,11738500,24.73
2018-06-08,24.35,24.55,23.59,23.96,10653500,23.96
2018-06-11,23.71,24.18,23.15,23.93,8747100,23.93
2018-06-12,24.7,24.85,23.82,24.73,13548900,24.73
2018-06-13,24.7,24.7,23.66,23.77,8409200,23.77
2018-06-14,23.75,24.07,23.23,23.5,5748700,23.5
2018-06-15,23.7,23.78,22.52,22.95,7477100,22.95
2018-06-19,22.41,23.6,21.5,22.04,10053700,22.04
2018-06-20,22.23,23.32,22.02,23.1,8227900,23.1
2018-06-21,23.1,23.38,22.55,22.8,6766000,22.8
2018-06-22,22.59,22.7,22.05,22.39,6149000,22.39
2018-06-25,22.47,22.48,20.7,20.78,16096200,20.78
2018-06-26,20.3,21.44,20.2,21.22,10248800,21.22
2018-06-27,21.37,21.9,21.3,21.4,6957400,21.4
2018-06-28,21.6,21.74,21,21.1,4993200,21.1
2018-06-29,21.3,22.42,21,22.29,9394800,22.29
2018-07-02,22.5,23.76,22.42,23.14,14235700,23.14
2018-07-03,23.03,23.19,22.15,22.73,11419800,22.73
2018-07-04,22.5,22.7,21.68,21.88,9854500,21.88
2018-07-05,21.78,22.35,21.12,21.22,6864600,21.22
2018-07-06,21.38,22.3,21.01,21.8,7359300,21.8
2018-07-09,21.9,23.69,21.72,23.5,15540400,23.5
2018-07-10,23.5,23.88,23.13,23.36,12296100,23.36
2018-07-11,22.79,23.14,22.22,22.97,11648500,22.97
2018-07-12,23.23,24.5,22.82,24.11,13748200,24.11
2018-07-13,23.89,25.3,23.89,24.55,14722100,24.55
2018-07-16,22.1,22.1,22.1,22.1,548200,22.1
2018-07-17,19.89,19.89,19.89,19.89,720000,19.89
2018-07-18,17.9,17.9,17.9,17.9,281400,17.9
2018-07-19,16.11,16.11,16.11,16.11,143700,16.11
2018-07-20,14.5,14.5,14.5,14.5,459200,14.5
2018-07-23,13.05,13.05,13.05,13.05,151700,13.05
2018-07-24,11.75,11.75,11.75,11.75,467800,11.75
2018-07-26,11.16,11.16,11.16,11.16,113300,11.16
2018-07-27,10.6,10.6,10.6,10.6,107000,10.6
2018-07-30,10.07,10.07,10.07,10.07,53900,10.07
2018-07-31,9.57,9.57,9.57,9.57,28500,9.57
2018-08-01,9.09,9.09,9.09,9.09,34600,9.09
2018-08-02,8.64,8.64,8.64,8.64,56000,8.64
2018-08-03,8.21,8.21,8.21,8.21,13600,8.21
2018-08-06,7.8,7.8,7.8,7.8,29100,7.8
2018-08-07,7.41,7.41,7.41,7.41,132200,7.41
2018-08-08,7.04,7.04,7.04,7.04,27700,7.04
2018-08-09,6.69,6.69,6.69,6.69,37900,6.69
2018-08-10,6.36,6.36,6.36,6.36,57700,6.36
2018-08-13,6.04,6.04,6.04,6.04,21100,6.04
2018-08-14,5.74,5.74,5.74,5.74,169700,5.74
2018-08-15,5.45,5.45,5.45,5.45,201000,5.45
2018-08-16,5.18,5.18,5.18,5.18,78100,5.18
2018-08-17,4.92,4.92,4.92,4.92,443900,4.92
2018-08-20,4.67,4.67,4.67,4.67,101800,4.67
2018-08-21,4.44,4.44,4.44,4.44,135700,4.44
2018-08-22,4.22,4.22,4.22,4.22,57100,4.22
2018-08-23,4.01,4.01,4.01,4.01,129900,4.01
2018-08-24,3.81,3.81,3.81,3.81,847900,3.81
2018-08-27,3.62,3.62,3.62,3.62,653800,3.62
2018-08-28,3.44,3.44,3.44,3.44,576700,3.44
2018-08-29,3.27,3.27,3.27,3.27,582200,3.27
2018-08-30,3.11,3.43,3.11,3.43,150663800,3.43
2018-08-31,3.26,3.26,3.26,3.26,28402300,3.26
2018-11-05,3.1,3.1,3.1,3.1,8848300,3.1
2018-11-06,2.95,2.95,2.95,2.95,2201700,2.95
2018-11-07,2.8,2.8,2.8,2.8,2558300,2.8
2018-11-08,2.66,2.94,2.66,2.94,96237800,2.94
2018-11-09,2.88,3.09,2.86,3.09,72879200,3.09
2018-11-12,3.24,3.24,3.09,3.24,52982500,3.24
2018-11-13,3.4,3.4,3.35,3.4,16443400,3.4
2018-11-14,3.57,3.57,3.23,3.57,115391100,3.57
2018-11-15,3.45,3.75,3.42,3.75,100996500,3.75
2018-11-16,3.75,3.94,3.64,3.94,56516200,3.94
